기간	자치구	고등학교(합계)	고등학교(합계)	고등학교(합계)	고등학교(합계)	고등학교(합계)	일반고	일반고	일반고	일반고	일반고	특수목적고	특수목적고	특수목적고	특수목적고	특수목적고	특성화고	특성화고	특성화고	특성화고	특성화고	자율고	자율고	자율고	자율고	자율고
기간	자치구	졸업자	진학자	진학자	취업자	기타	졸업자	진학자	진학자	취업자	기타	졸업자	진학자	진학자	취업자	기타	졸업자	진학자	진학자	취업자	기타	졸업자	진학자	진학자	취업자	기타
기간	자치구	졸업자	학생수	진학률	취업자	기타	졸업자	학생수	진학률	취업자	기타	졸업자	학생수	진학률	취업자	기타	졸업자	학생수	진학률	취업자	기타	졸업자	학생수	진학률	취업자	기타
2011	합계	121,946	68,557	56.2	5,987	47,402	79,745	44,695	56	1,248	33,802	4,818	3,134	65	176	1,508	18,869	10,548	55.9	4,330	3,991	18,514	10,180	55	233	8,101
2011	종로구	4,843	2,657	54.9	137	2,049	2,810	1,500	53.4	21	1,289	553	355	64.2	-	198	683	388	56.8	113	182	797	414	51.9	3	380
2011	중구	3,685	2,068	56.1	489	1,128	980	567	57.9	11	402	219	156	71.2	-	63	1,638	862	52.6	473	303	848	483	57	5	360
2011	용산구	3,381	1,925	56.9	202	1,254	2,175	1,258	57.8	1	916	-	-	-	-	-	912	512	56.1	182	218	294	155	52.7	19	120
2011	성동구	2,188	1,225	56	149	814	509	311	61.1	18	180	-	-	-	-	-	875	452	51.7	122	301	804	462	57.5	9	333
2011	광진구	4,817	2,820	58.5	35	1,962	3,987	2,269	56.9	35	1,683	830	551	66.4	-	279	-	-	-	-	-	-	-	-	-	-
2011	동대문구	3,693	2,217	60	267	1,209	1,625	1,045	64.3	18	562	-	-	-	-	-	686	324	47.2	214	148	1,382	848	61.4	35	499
2011	중랑구	3,898	2,425	62.2	114	1,359	2,680	1,625	60.6	6	1,049	-	-	-	-	-	450	306	68	72	72	768	494	64.3	36	238
2011	성북구	4,859	2,722	56	253	1,884	2,342	1,448	61.8	9	885	432	257	59.5	-	175	891	362	40.6	220	309	1,194	655	54.9	24	515
2011	강북구	2,244	1,328	59.2	50	866	1,561	970	62.1	-	591	-	-	-	-	-	188	110	58.5	35	43	495	248	50.1	15	232
2011	도봉구	3,888	2,140	55	114	1,634	2,115	1,166	55.1	42	907	364	187	51.4	-	177	628	320	51	72	236	781	467	59.8	-	314
2011	노원구	11,034	6,094	55.2	637	4,303	7,916	4,302	54.3	93	3,521	-	-	-	-	-	2,754	1,596	58	544	614	364	196	53.8	-	168
2011	은평구	5,538	3,450	62.3	329	1,759	3,526	2,256	64	98	1,172	-	-	-	-	-	1,416	876	61.9	231	309	596	318	53.4	-	278
2011	서대문구	2,786	1,549	55.6	45	1,192	1,981	1,049	53	45	887	160	160	100	-	-	-	-	-	-	-	645	340	52.7	-	305
2011	마포구	2,872	1,656	57.7	81	1,135	1,593	908	57	2	683	-	-	-	-	-	561	385	68.6	57	119	718	363	50.6	22	333
2011	양천구	6,532	3,512	53.8	198	2,822	5,198	2,839	54.6	90	2,269	-	-	-	-	-	420	261	62.1	108	51	914	412	45.1	-	502
2011	강서구	8,584	5,020	58.5	507	3,057	5,613	3,226	57.5	82	2,305	684	438	64	-	246	1,658	948	57.2	393	317	629	408	64.9	32	189
2011	구로구	4,133	2,610	63.2	283	1,240	1,696	1,074	63.3	2	620	335	247	73.7	15	73	983	605	61.5	266	112	1,119	684	61.1	-	435
2011	금천구	2,443	1,602	65.6	96	745	1,394	920	66	38	436	213	161	75.6	-	52	352	228	64.8	58	66	484	293	60.5	-	191
2011	영등포구	3,667	2,198	59.9	146	1,323	2,695	1,559	57.8	83	1,053	-	-	-	-	-	208	141	67.8	43	24	764	498	65.2	20	246
2011	동작구	3,156	1,662	52.7	296	1,198	2,186	1,193	54.6	118	875	-	-	-	-	-	556	250	45	178	128	414	219	52.9	-	195
2011	관악구	5,043	2,913	57.8	394	1,736	3,265	1,906	58.4	53	1,306	148	62	41.9	66	20	802	440	54.9	265	97	828	505	61	10	313
2011	서초구	5,008	2,358	47.1	69	2,581	3,804	1,807	47.5	17	1,980	-	-	-	-	-	192	85	44.3	52	55	1,012	466	46	-	546
2011	강남구	9,375	4,541	48.4	165	4,669	6,713	3,179	47.4	6	3,528	377	220	58.4	79	78	586	407	69.5	78	101	1,699	735	43.3	2	962
2011	송파구	8,602	4,594	53.4	596	3,412	7,334	3,956	53.9	250	3,128	132	95	72	16	21	748	317	42.4	330	101	388	226	58.2	-	162
2011	강동구	5,677	3,271	57.6	335	2,071	4,047	2,362	58.4	110	1,575	371	245	66	-	126	682	373	54.7	224	85	577	291	50.4	1	285
2012	합계	117,682	65,632	55.8	8,897	43,153	75,848	43,628	57.5	1,317	30,903	4,807	3,076	64	227	1,504	18,158	8,250	45.4	7,144	2,764	18,869	10,678	56.6	209	7,982
2012	종로구	4,816	2,635	54.7	199	1,982	2,806	1,531	54.6	17	1,258	610	369	60.5	-	241	603	321	53.2	177	105	797	414	51.9	5	378
2012	중구	3,571	1,928	54	650	993	998	583	58.4	8	407	210	143	68.1	-	67	1,491	605	40.6	627	259	872	597	68.5	15	260
2012	용산구	3,187	1,776	55.7	330	1,081	2,062	1,202	58.3	1	859	-	-	-	-	-	881	458	52	310	113	244	116	47.5	19	109
2012	성동구	2,390	1,289	53.9	288	813	770	449	58.3	24	297	-	-	-	-	-	856	397	46.4	227	232	764	443	58	37	284
2012	광진구	4,217	2,600	61.7	32	1,585	2,921	1,733	59.3	32	1,156	821	651	79.3	-	170	-	-	-	-	-	475	216	45.5	-	259
2012	동대문구	3,488	2,081	59.7	324	1,083	1,495	987	66	6	502	-	-	-	-	-	701	287	40.9	310	104	1,292	807	62.5	8	477
2012	중랑구	3,693	2,368	64.1	206	1,119	2,514	1,583	63	47	884	-	-	-	-	-	458	264	57.6	139	55	721	521	72.3	20	180
2012	성북구	4,566	2,468	54.1	473	1,625	2,223	1,360	61.2	-	863	425	218	51.3	-	207	951	353	37.1	449	149	967	537	55.5	24	406
2012	강북구	2,418	1,475	61	87	856	1,487	977	65.7	21	489	-	-	-	-	-	194	111	57.2	43	40	737	387	52.5	23	327
2012	도봉구	3,771	2,108	55.9	201	1,462	2,084	1,133	54.4	42	909	357	159	44.5	-	198	534	273	51.1	159	102	796	543	68.2	-	253
2012	노원구	10,625	5,890	55.4	1,217	3,518	7,624	4,446	58.3	111	3,067	-	-	-	-	-	2,633	1,209	45.9	1,106	318	368	235	63.9	-	133
2012	은평구	5,705	3,098	54.3	556	2,051	3,834	2,192	57.2	141	1,501	-	-	-	-	-	1,326	620	46.8	415	291	545	286	52.5	-	259
2012	서대문구	2,554	1,488	58.3	105	961	1,783	1,005	56.4	105	673	153	151	98.7	-	2	-	-	-	-	-	618	332	53.7	-	286
2012	마포구	2,625	1,508	57.4	243	874	981	577	58.8	-	404	-	-	-	-	-	565	259	45.8	226	80	1,079	672	62.3	17	390
2012	양천구	6,375	3,461	54.3	278	2,636	5,011	2,831	56.5	109	2,071	-	-	-	-	-	440	233	53	169	38	924	397	43	-	527
2012	강서구	8,107	4,587	56.6	772	2,748	5,443	3,255	59.8	117	2,071	672	424	63.1	-	248	1,638	718	43.8	655	265	354	190	53.7	-	164
2012	구로구	4,191	2,542	60.7	399	1,250	1,802	1,161	64.4	5	636	354	251	70.9	-	103	902	438	48.6	383	81	1,133	692	61.1	11	430
2012	금천구	2,311	1,446	62.6	184	681	1,327	903	68	21	403	175	121	69.1	-	54	361	151	41.8	163	47	448	271	60.5	-	177
2012	영등포구	3,316	2,042	61.6	109	1,165	2,315	1,413	61	31	871	-	-	-	-	-	190	84	44.2	68	38	811	545	67.2	10	256
2012	동작구	3,022	1,658	54.9	267	1,097	2,059	1,211	58.8	49	799	-	-	-	-	-	541	232	42.9	218	91	422	215	50.9	-	207
2012	관악구	4,658	2,733	58.7	485	1,440	2,975	1,832	61.6	52	1,091	146	51	34.9	78	17	821	396	48.2	338	87	716	454	63.4	17	245
2012	서초구	5,159	2,569	49.8	102	2,488	3,957	1,981	50.1	19	1,957	-	-	-	-	-	179	80	44.7	83	16	1,023	508	49.7	-	515
2012	강남구	9,326	4,437	47.6	352	4,537	6,651	3,287	49.4	11	3,353	380	192	50.5	144	44	507	221	43.6	194	92	1,788	737	41.2	3	1,048
2012	송파구	8,158	4,352	53.3	618	3,188	6,893	3,746	54.3	237	2,910	137	111	81	5	21	715	235	32.9	376	104	413	260	63	-	153
2012	강동구	5,433	3,093	56.9	420	1,920	3,833	2,250	58.7	111	1,472	367	235	64	-	132	671	305	45.5	309	57	562	303	53.9	-	259
2013	합계	115,888	64,457	55.6	9,652	41,779	76,662	45,507	59.4	1,616	29,539	4,996	3,065	61.3	354	1,577	17,392	6,340	36.5	7,539	3,513	16,838	9,545	56.7	143	7,150
2013	종로구	4,623	2,571	55.6	262	1,790	2,738	1,589	58	13	1,136	627	440	70.2	-	187	616	207	33.6	246	163	642	335	52.2	3	304
2013	중구	3,348	1,603	47.9	709	1,036	943	587	62.2	12	344	201	122	60.7	-	79	1,491	488	32.7	695	308	713	406	56.9	2	305
2013	용산구	2,787	1,481	53.1	332	974	1,745	1,045	59.9	8	692	-	-	-	-	-	819	325	39.7	324	170	223	111	49.8	-	112
2013	성동구	2,444	1,277	52.3	261	906	817	476	58.3	26	315	-	-	-	-	-	858	331	38.6	235	292	769	470	61.1	-	299
2013	광진구	4,244	2,685	63.3	71	1,488	3,006	1,890	62.9	71	1,045	813	550	67.7	-	263	-	-	-	-	-	425	245	57.6	-	180
2013	동대문구	3,459	2,044	59.1	329	1,086	1,493	1,041	69.7	7	445	-	-	-	-	-	706	211	29.9	312	183	1,260	792	62.9	10	458
2013	중랑구	3,581	2,361	65.9	220	1,000	2,428	1,621	66.8	74	733	-	-	-	-	-	459	244	53.2	146	69	694	496	71.5	-	198
2013	성북구	4,648	2,496	53.7	554	1,598	2,802	1,775	63.3	101	926	428	265	61.9	-	163	947	255	26.9	445	247	471	201	42.7	8	262
2013	강북구	2,326	1,341	57.7	148	837	1,506	916	60.8	45	545	-	-	-	-	-	196	95	48.5	72	29	624	330	52.9	31	263
2013	도봉구	3,551	1,982	55.8	303	1,266	1,969	1,121	56.9	160	688	342	181	52.9	-	161	517	207	40	143	167	723	473	65.4	-	250
2013	노원구	10,487	5,667	54	1,212	3,608	7,705	4,541	58.9	89	3,075	-	-	-	-	-	2,507	949	37.9	1,123	435	275	177	64.4	-	98
2013	은평구	5,796	3,218	55.5	630	1,948	3,802	2,322	61.1	58	1,422	-	-	-	-	-	1,224	440	35.9	572	212	770	456	59.2	-	314
2013	서대문구	2,221	1,338	60.2	8	875	1,684	1,004	59.6	8	672	139	138	99.3	-	1	-	-	-	-	-	398	196	49.2	-	202
2013	마포구	2,642	1,462	55.3	304	876	973	562	57.8	2	409	-	-	-	-	-	580	220	37.9	277	83	1,089	680	62.4	25	384
2013	양천구	6,406	3,488	54.4	167	2,751	5,077	2,892	57	74	2,111	-	-	-	-	-	372	152	40.9	93	127	957	444	46.4	-	513
2013	강서구	8,000	4,562	57	837	2,601	5,493	3,449	62.8	160	1,884	666	438	65.8	-	228	1,574	534	33.9	677	363	267	141	52.8	-	126
2013	구로구	4,363	2,668	61.2	383	1,312	1,987	1,310	65.9	3	674	395	267	67.6	-	128	951	420	44.2	361	170	1,030	671	65.1	19	340
2013	금천구	2,200	1,363	62	227	610	1,309	874	66.8	11	424	175	138	78.9	-	37	360	103	28.6	196	61	356	248	69.7	20	88
2013	영등포구	3,295	2,047	62.1	122	1,126	2,343	1,479	63.1	23	841	-	-	-	-	-	196	74	37.8	99	23	756	494	65.3	-	262
2013	동작구	3,172	1,784	56.2	274	1,114	2,174	1,313	60.4	80	781	-	-	-	-	-	543	261	48.1	194	88	455	210	46.2	-	245
2013	관악구	4,515	2,602	57.6	628	1,285	2,988	1,919	64.2	93	976	112	-	-	109	3	777	308	39.6	401	68	638	375	58.8	25	238
2013	서초구	5,034	2,455	48.8	117	2,462	3,954	1,965	49.7	9	1,980	-	-	-	-	-	185	60	32.4	108	17	895	430	48	-	465
2013	강남구	9,110	4,402	48.3	412	4,296	6,674	3,408	51.1	4	3,262	530	170	32.1	232	128	328	117	35.7	176	35	1,578	707	44.8	-	871
2013	송파구	8,113	4,420	54.5	722	2,971	6,831	3,901	57.1	293	2,637	140	114	81.4	13	13	730	163	22.3	416	151	412	242	58.7	-	170
2013	강동구	5,523	3,140	56.9	420	1,963	4,221	2,507	59.4	192	1,522	428	242	56.5	-	186	456	176	38.6	228	52	418	215	51.4	-	203
2014	합계	113,396	64,159	56.6	10,338	38,899	76,593	47,057	61.4	1,549	27,987	4,927	2,897	58.8	377	1,653	17,140	5,264	30.7	8,257	3,619	14,736	8,941	60.7	155	5,640
2014	종로구	4,617	2,617	56.7	277	1,723	2,700	1,608	59.6	23	1,069	635	404	63.6	-	231	629	215	34.2	251	163	653	390	59.7	3	260
2014	중구	3,248	1,531	47.1	772	945	932	628	67.4	13	291	192	98	51	-	94	1,428	384	26.9	754	290	696	421	60.5	5	270
2014	용산구	2,709	1,565	57.8	392	752	1,750	1,197	68.4	27	526	-	-	-	-	-	773	265	34.3	365	143	186	103	55.4	-	83
2014	성동구	2,429	1,372	56.5	266	791	823	535	65	26	262	-	-	-	-	-	887	357	40.2	240	290	719	480	66.8	-	239
2014	광진구	4,111	2,620	63.7	60	1,431	2,887	1,833	63.5	42	1,012	780	531	68.1	-	249	-	-	-	-	-	444	256	57.7	18	170
2014	동대문구	3,323	1,958	58.9	396	969	1,640	1,147	69.9	7	486	-	-	-	-	-	743	191	25.7	382	170	940	620	66	7	313
2014	중랑구	3,590	2,378	66.2	269	943	2,571	1,699	66.1	134	738	-	-	-	-	-	403	202	50.1	135	66	616	477	77.4	-	139
2014	성북구	4,089	2,211	54.1	514	1,364	2,400	1,597	66.5	14	789	402	207	51.5	-	195	915	206	22.5	484	225	372	201	54	16	155
2014	강북구	2,480	1,473	59.4	125	882	1,703	1,056	62	1	646	-	-	-	-	-	198	77	38.9	93	28	579	340	58.7	31	208
2014	도봉구	3,454	2,006	58.1	329	1,119	2,098	1,305	62.2	147	646	336	171	50.9	-	165	508	199	39.2	182	127	512	331	64.6	-	181
2014	노원구	10,588	5,944	56.1	1,287	3,357	7,798	4,939	63.3	56	2,803	-	-	-	-	-	2,528	840	33.2	1,231	457	262	165	63	-	97
2014	은평구	5,702	3,238	56.8	716	1,748	3,877	2,435	62.8	108	1,334	-	-	-	-	-	1,197	352	29.4	608	237	628	451	71.8	-	177
2014	서대문구	2,191	1,376	62.8	8	807	1,631	1,011	62	8	612	147	139	94.6	-	8	-	-	-	-	-	413	226	54.7	-	187
2014	마포구	2,533	1,335	52.7	320	878	957	587	61.3	-	370	-	-	-	-	-	558	171	30.6	290	97	1,018	577	56.7	30	411
2014	양천구	6,160	3,618	58.7	197	2,345	5,039	3,084	61.2	57	1,898	-	-	-	-	-	386	141	36.5	140	105	735	393	53.5	-	342
2014	강서구	7,774	4,355	56	877	2,542	5,361	3,311	61.8	155	1,895	633	416	65.7	-	217	1,501	455	30.3	722	324	279	173	62	-	106
2014	구로구	4,318	2,587	59.9	440	1,291	2,118	1,407	66.4	2	709	425	282	66.4	-	143	881	324	36.8	408	149	894	574	64.2	30	290
2014	금천구	2,270	1,484	65.4	262	524	1,416	1,051	74.2	45	320	177	147	83.1	-	30	369	84	22.8	205	80	308	202	65.6	12	94
2014	영등포구	3,283	2,047	62.4	148	1,088	2,561	1,600	62.5	42	919	-	-	-	-	-	184	62	33.7	106	16	538	385	71.6	-	153
2014	동작구	2,949	1,489	50.5	393	1,067	2,079	1,273	61.2	107	699	-	-	-	-	-	546	43	7.9	286	217	324	173	53.4	-	151
2014	관악구	4,493	2,517	56	653	1,323	3,007	1,944	64.6	105	958	114	-	-	110	4	792	215	27.1	435	142	580	358	61.7	3	219
2014	서초구	4,757	2,436	51.2	137	2,184	3,760	1,960	52.1	29	1,771	-	-	-	-	-	177	43	24.3	108	26	820	433	52.8	-	387
2014	강남구	8,779	4,304	49	446	4,029	6,486	3,357	51.8	2	3,127	550	189	34.4	243	118	337	90	26.7	201	46	1,406	668	47.5	-	738
2014	송파구	8,079	4,531	56.1	669	2,879	6,872	4,038	58.8	242	2,592	138	109	79	24	5	684	138	20.2	403	143	385	246	63.9	-	139
2014	강동구	5,470	3,167	57.9	385	1,918	4,127	2,455	59.5	157	1,515	398	204	51.3	-	194	516	210	40.7	228	78	429	298	69.5	-	131
2015	합계	108,669	61,252	56.4	10,211	37,206	74,009	45,478	61.4	1,850	26,681	4,780	3,001	62.8	334	1,445	16,118	4,669	29	7,931	3,518	13,762	8,104	58.9	96	5,562
2015	종로구	4,308	2,467	57.3	316	1,525	2,467	1,473	59.7	82	912	653	462	70.8	-	191	603	220	36.5	229	154	585	312	53.3	5	268
2015	중구	3,095	1,414	45.7	771	910	886	578	65.2	14	294	180	111	61.7	-	69	1,329	316	23.8	745	268	700	409	58.4	12	279
2015	용산구	2,558	1,451	56.7	303	804	1,701	1,098	64.6	4	599	-	-	-	-	-	671	244	36.4	299	128	186	109	58.6	-	77
2015	성동구	2,414	1,239	51.3	437	738	864	510	59	148	206	-	-	-	-	-	848	302	35.6	289	257	702	427	60.8	-	275
2015	광진구	3,967	2,473	62.3	58	1,436	2,918	1,788	61.3	58	1,072	742	497	67	-	245	-	-	-	-	-	307	188	61.2	-	119
2015	동대문구	3,165	1,807	57.1	343	1,015	1,651	1,131	68.5	12	508	-	-	-	-	-	640	156	24.4	331	153	874	520	59.5	-	354
2015	중랑구	3,324	2,082	62.6	276	966	2,297	1,512	65.8	90	695	-	-	-	-	-	408	171	41.9	171	66	619	399	64.5	15	205
2015	성북구	3,973	2,133	53.7	440	1,400	2,357	1,519	64.4	5	833	376	222	59	-	154	857	173	20.2	417	267	383	219	57.2	18	146
2015	강북구	2,488	1,536	61.7	115	837	1,736	1,153	66.4	1	582	-	-	-	-	-	185	64	34.6	99	22	567	319	56.3	15	233
2015	도봉구	3,254	1,810	55.6	453	991	2,138	1,279	59.8	204	655	310	190	61.3	-	120	455	119	26.2	249	87	351	222	63.2	-	129
2015	노원구	10,064	5,469	54.3	1,286	3,309	7,440	4,664	62.7	122	2,654	-	-	-	-	-	2,355	640	27.2	1,164	551	269	165	61.3	-	104
2015	은평구	5,800	3,409	58.8	777	1,614	3,969	2,635	66.4	169	1,165	-	-	-	-	-	1,197	375	31.3	608	214	634	399	62.9	-	235
2015	서대문구	2,258	1,411	62.5	21	826	1,736	1,072	61.8	21	643	138	137	99.3	-	1	-	-	-	-	-	384	202	52.6	-	182
2015	마포구	2,422	1,326	54.7	296	800	979	605	61.8	-	374	-	-	-	-	-	526	125	23.8	296	105	917	596	65	-	321
2015	양천구	5,885	3,341	56.8	143	2,401	4,796	2,812	58.6	21	1,963	-	-	-	-	-	377	148	39.3	122	107	712	381	53.5	-	331
2015	강서구	7,479	4,184	55.9	741	2,554	5,157	3,159	61.3	104	1,894	605	396	65.5	-	209	1,430	468	32.7	637	325	287	161	56.1	-	126
2015	구로구	4,095	2,375	58	418	1,302	2,032	1,334	65.6	17	681	441	296	67.1	-	145	832	256	30.8	382	194	790	489	61.9	19	282
2015	금천구	2,080	1,404	67.5	248	428	1,255	981	78.2	41	233	172	143	83.1	-	29	338	76	22.5	195	67	315	204	64.8	12	99
2015	영등포구	2,936	1,851	63	152	933	2,216	1,382	62.4	33	801	-	-	-	-	-	184	55	29.9	119	10	536	414	77.2	-	122
2015	동작구	2,787	1,574	56.5	321	892	2,028	1,347	66.4	53	628	-	-	-	-	-	509	102	20	268	139	250	125	50	-	125
2015	관악구	4,379	2,484	56.7	615	1,280	2,934	1,919	65.4	94	921	116	-	-	95	21	771	232	30.1	426	113	558	333	59.7	-	225
2015	서초구	4,680	2,533	54.1	108	2,039	3,715	1,975	53.2	-	1,740	-	-	-	-	-	183	36	19.7	108	39	782	522	66.8	-	260
2015	강남구	8,580	4,122	48	426	4,032	6,440	3,268	50.7	5	3,167	542	193	35.6	228	121	314	57	18.2	193	64	1,284	604	47	-	680
2015	송파구	7,691	4,358	56.7	852	2,481	6,611	3,930	59.4	487	2,194	134	114	85.1	11	9	573	105	18.3	354	114	373	209	56	-	164
2015	강동구	4,987	2,999	60.1	295	1,693	3,686	2,354	63.9	65	1,267	371	240	64.7	-	131	533	229	43	230	74	397	176	44.3	-	221
2016	합계	106,405	59,409	55.8	10,069	36,927	72,693	44,464	61.2	1,758	26,471	4,586	2,600	56.7	551	1,435	15,790	4,427	28	7,657	3,706	13,336	7,918	59.4	103	5,315
2016	종로구	4,354	2,489	57.2	326	1,539	2,447	1,488	60.8	60	899	641	436	68	-	205	598	193	32.3	266	139	668	372	55.7	-	296
2016	중구	2,761	1,186	43	724	851	610	395	64.8	11	204	169	92	54.4	-	77	1,306	309	23.7	698	299	676	390	57.7	15	271
2016	용산구	2,540	1,340	52.8	314	886	1,688	1,057	62.6	23	608	-	-	-	-	-	679	183	27	291	205	173	100	57.8	-	73
2016	성동구	2,270	1,125	49.6	390	755	797	466	58.5	140	191	-	-	-	-	-	830	297	35.8	250	283	643	362	56.3	-	281
2016	광진구	3,830	2,373	62	55	1,402	2,805	1,681	59.9	48	1,076	709	482	68	-	227	-	-	-	-	-	316	210	66.5	7	99
2016	동대문구	3,220	1,980	61.5	347	893	1,649	1,285	77.9	20	344	-	-	-	-	-	627	140	22.3	327	160	944	555	58.8	-	389
2016	중랑구	3,278	2,021	61.7	255	1,002	2,258	1,413	62.6	67	778	-	-	-	-	-	406	177	43.6	146	83	614	431	70.2	42	141
2016	성북구	4,165	2,370	56.9	443	1,352	2,725	1,856	68.1	20	849	577	256	44.4	129	192	620	108	17.4	292	220	243	150	61.7	2	91
2016	강북구	2,424	1,426	58.8	123	875	1,682	1,070	63.6	3	609	-	-	-	-	-	187	56	29.9	105	26	555	300	54.1	15	240
2016	도봉구	3,178	1,731	54.5	465	982	2,083	1,266	60.8	191	626	285	173	60.7	-	112	446	76	17	274	96	364	216	59.3	-	148
2016	노원구	9,928	5,383	54.2	1,225	3,320	7,325	4,528	61.8	165	2,632	-	-	-	-	-	2,338	681	29.1	1,060	597	265	174	65.7	-	91
2016	은평구	5,515	3,204	58.1	813	1,498	3,667	2,423	66.1	147	1,097	-	-	-	-	-	1,245	371	29.8	666	208	603	410	68	-	193
2016	서대문구	2,318	1,345	58	32	941	1,842	1,051	57.1	32	759	69	68	98.6	-	1	-	-	-	-	-	407	226	55.5	-	181
2016	마포구	2,352	1,311	55.7	300	741	955	667	69.8	5	283	-	-	-	-	-	530	91	17.2	295	144	867	553	63.8	-	314
2016	양천구	5,773	3,157	54.7	161	2,455	4,676	2,632	56.3	14	2,030	-	-	-	-	-	400	124	31	147	129	697	401	57.5	-	296
2016	강서구	7,140	3,964	55.5	739	2,437	4,886	3,040	62.2	82	1,764	558	353	63.3	-	205	1,422	427	30	657	338	274	144	52.6	-	130
2016	구로구	4,010	2,365	59	445	1,200	2,211	1,418	64.1	65	728	323	184	57	-	139	840	332	39.5	364	144	636	431	67.8	16	189
2016	금천구	2,104	1,332	63.3	273	499	1,281	917	71.6	43	321	170	116	68.2	-	54	338	51	15.1	224	63	315	248	78.7	6	61
2016	영등포구	2,957	1,844	62.4	148	965	2,137	1,300	60.8	42	795	-	-	-	-	-	183	53	29	106	24	637	491	77.1	-	146
2016	동작구	2,694	1,400	52	330	964	1,981	1,181	59.6	80	720	-	-	-	-	-	454	90	19.8	250	114	259	129	49.8	-	130
2016	관악구	4,349	2,489	57.2	580	1,280	3,164	2,071	65.5	46	1,047	119	1	0.8	108	10	751	229	30.5	426	96	315	188	59.7	-	127
2016	서초구	4,641	2,488	53.6	90	2,063	3,689	1,962	53.2	2	1,725	-	-	-	-	-	178	70	39.3	88	20	774	456	58.9	-	318
2016	강남구	8,299	3,934	47.4	511	3,854	6,210	3,232	52	15	2,963	492	117	23.8	299	76	319	52	16.3	197	70	1,278	533	41.7	-	745
2016	송파구	7,326	4,254	58.1	669	2,403	6,203	3,787	61.1	309	2,107	128	102	79.7	15	11	586	120	20.5	345	121	409	245	59.9	-	164
2016	강동구	4,979	2,898	58.2	311	1,770	3,722	2,278	61.2	128	1,316	346	220	63.6	-	126	507	197	38.9	183	127	404	203	50.2	-	201
2017	합계	100,481	55,081	54.8	10,185	35,215	67,696	41,035	60.6	1,189	25,472	4,472	2,726	61	512	1,234	15,760	4,127	26.2	8,336	3,297	12,553	7,193	57.3	148	5,212
2017	종로구	3,750	2,090	55.7	355	1,305	1,882	1,157	61.5	63	662	625	442	70.7	-	183	589	153	26	292	144	654	338	51.7	-	316
2017	중구	2,687	1,127	41.9	841	719	505	318	63	8	179	159	106	66.7	-	53	1,304	290	22.2	808	206	719	413	57.4	25	281
2017	용산구	2,450	1,291	52.7	376	783	1,617	1,002	62	51	564	-	-	-	-	-	715	222	31	324	169	118	67	56.8	1	50
2017	성동구	1,984	964	48.6	329	691	669	419	62.6	46	204	-	-	-	-	-	807	258	32	283	266	508	287	56.5	-	221
2017	광진구	3,623	2,238	61.8	50	1,335	2,734	1,643	60.1	40	1,051	651	447	68.7	1	203	-	-	-	-	-	238	148	62.2	9	81
2017	동대문구	3,089	1,814	58.7	380	895	1,558	1,127	72.3	18	413	-	-	-	-	-	622	144	23.2	362	116	909	543	59.7	-	366
2017	중랑구	2,913	1,714	58.8	260	939	1,880	1,165	62	14	701	-	-	-	-	-	435	166	38.2	190	79	598	383	64	56	159
2017	성북구	3,639	2,082	57.2	354	1,203	2,496	1,627	65.2	6	863	540	282	52.2	81	177	401	52	13	259	90	202	121	59.9	8	73
2017	강북구	2,165	1,258	58.1	92	815	1,449	929	64.1	1	519	-	-	-	-	-	187	52	27.8	91	44	529	277	52.4	-	252
2017	도봉구	2,847	1,511	53.1	345	991	1,782	1,037	58.2	56	689	267	188	70.4	-	79	462	91	19.7	289	82	336	195	58	-	141
2017	노원구	9,415	4,984	52.9	1,263	3,168	6,858	4,220	61.5	114	2,524	-	-	-	-	-	2,297	591	25.7	1,149	557	260	173	66.5	-	87
2017	은평구	5,310	2,940	55.4	881	1,489	3,488	2,283	65.5	151	1,054	-	-	-	-	-	1,287	308	23.9	729	250	535	349	65.2	1	185
2017	서대문구	2,129	1,364	64.1	41	724	1,613	1,059	65.7	28	526	135	121	89.6	-	14	-	-	-	-	-	381	184	48.3	13	184
2017	마포구	2,195	1,210	55.1	273	712	871	564	64.8	5	302	-	-	-	-	-	518	122	23.6	268	128	806	524	65	-	282
2017	양천구	5,752	3,001	52.2	203	2,548	4,470	2,466	55.2	23	1,981	-	-	-	-	-	600	202	33.7	180	218	682	333	48.8	-	349
2017	강서구	6,746	3,580	53.1	833	2,333	4,685	2,746	58.6	83	1,856	494	329	66.6	-	165	1,303	360	27.6	750	193	264	145	54.9	-	119
2017	구로구	3,854	2,237	58	451	1,166	1,946	1,239	63.7	-	707	436	280	64.2	-	156	829	289	34.9	427	113	643	429	66.7	24	190
2017	금천구	1,990	1,279	64.3	283	428	1,205	901	74.8	54	250	175	132	75.4	-	43	294	31	10.5	219	44	316	215	68	10	91
2017	영등포구	2,780	1,730	62.2	148	902	1,990	1,232	61.9	30	728	-	-	-	-	-	205	56	27.3	118	31	585	442	75.6	-	143
2017	동작구	2,586	1,430	55.3	260	896	1,841	1,187	64.5	21	633	-	-	-	-	-	466	120	25.8	238	108	279	123	44.1	1	155
2017	관악구	4,090	2,311	56.5	644	1,135	2,836	1,862	65.7	73	901	113	-	-	104	9	802	228	28.4	467	107	339	221	65.2	-	118
2017	서초구	4,461	2,187	49	133	2,141	3,560	1,821	51.2	-	1,739	-	-	-	-	-	187	19	10.2	133	35	714	347	48.6	-	367
2017	강남구	8,502	3,874	45.6	567	4,061	6,480	3,185	49.2	30	3,265	499	116	23.2	320	63	325	56	17.2	217	52	1,198	517	43.2	-	681
2017	송파구	6,806	4,008	58.9	581	2,217	5,697	3,591	63	202	1,904	113	100	88.5	6	7	603	93	15.4	373	137	393	224	57	-	169
2017	강동구	4,718	2,857	60.6	242	1,619	3,584	2,255	62.9	72	1,257	265	183	69.1	-	82	522	224	42.9	170	128	347	195	56.2	-	152
2018	합계	96,851	53,158	54.9	8,953	34,740	63,554	38,789	61	1,294	23,471	4,470	2,684	60	497	1,289	15,426	4,303	27.9	6,981	4,142	13,401	7,382	55.1	181	5,838
2018	종로구	3,678	2,035	55.3	391	1,252	1,764	1,107	62.8	91	566	633	421	66.5	-	212	606	175	28.9	248	183	675	332	49.2	52	291
2018	중구	2,614	1,075	41.1	656	883	513	317	61.8	6	190	161	115	71.4	-	46	1,306	316	24.2	644	346	634	327	51.6	6	301
2018	용산구	2,420	1,326	54.8	330	764	1,573	993	63.1	35	545	-	-	-	-	-	708	249	35.2	295	164	139	84	60.4	-	55
2018	성동구	2,131	1,085	50.9	261	785	700	450	64.3	31	219	-	-	-	-	-	805	268	33.3	230	307	626	367	58.6	-	259
2018	광진구	3,395	2,112	62.2	34	1,249	2,480	1,491	60.1	31	958	649	470	72.4	2	177	-	-	-	-	-	266	151	56.8	1	114
2018	동대문구	3,080	1,818	59	305	957	1,480	1,067	72.1	40	373	-	-	-	-	-	637	153	24	265	219	963	598	62.1	-	365
2018	중랑구	2,777	1,709	61.5	241	827	1,781	1,211	68	8	562	-	-	-	-	-	412	122	29.6	187	103	584	376	64.4	46	162
2018	성북구	3,590	2,056	57.3	318	1,216	2,466	1,595	64.7	22	849	487	245	50.3	74	168	394	54	13.7	219	121	243	162	66.7	3	78
2018	강북구	2,162	1,270	58.7	87	805	1,383	906	65.5	-	477	-	-	-	-	-	200	71	35.5	87	42	579	293	50.6	-	286
2018	도봉구	2,722	1,527	56.1	285	910	1,603	1,051	65.6	45	507	272	175	64.3	-	97	470	86	18.3	240	144	377	215	57	-	162
2018	노원구	8,907	4,906	55.1	972	3,029	6,553	4,159	63.5	122	2,272	-	-	-	-	-	2,106	573	27.2	848	685	248	174	70.2	2	72
2018	은평구	5,163	2,850	55.2	892	1,421	3,339	2,172	65	184	983	-	-	-	-	-	1,273	339	26.6	708	226	551	339	61.5	-	212
2018	서대문구	2,102	1,300	61.8	65	737	1,539	942	61.2	24	573	146	118	80.8	-	28	-	-	-	-	-	417	240	57.6	41	136
2018	마포구	2,276	1,263	55.5	242	771	848	547	64.5	10	291	-	-	-	-	-	499	137	27.5	231	131	929	579	62.3	1	349
2018	양천구	5,656	2,969	52.5	220	2,467	4,391	2,465	56.1	65	1,861	-	-	-	-	-	577	209	36.2	155	213	688	295	42.9	-	393
2018	강서구	6,428	3,584	55.8	668	2,176	4,422	2,741	62	52	1,629	492	346	70.3	-	146	1,253	344	27.5	616	293	261	153	58.6	-	108
2018	구로구	3,762	2,310	61.4	232	1,220	1,870	1,228	65.7	-	642	439	267	60.8	-	172	800	358	44.8	207	235	653	457	70	25	171
2018	금천구	1,776	1,095	61.7	239	442	978	707	72.3	32	239	169	136	80.5	-	33	296	29	9.8	203	64	333	223	67	4	106
2018	영등포구	2,533	1,447	57.1	99	987	1,720	1,025	59.6	21	674	-	-	-	-	-	187	49	26.2	78	60	626	373	59.6	-	253
2018	동작구	2,442	1,340	54.9	335	767	1,653	1,085	65.6	62	506	-	-	-	-	-	492	121	24.6	273	98	297	134	45.1	-	163
2018	관악구	3,798	2,218	58.4	657	923	2,553	1,782	69.8	84	687	114	-	-	103	11	801	239	29.8	470	92	330	197	59.7	-	133
2018	서초구	4,240	2,038	48.1	122	2,080	3,266	1,674	51.3	1	1,591	-	-	-	-	-	180	21	11.7	121	38	794	343	43.2	-	451
2018	강남구	8,253	3,602	43.6	536	4,115	6,063	2,889	47.6	21	3,153	503	111	22.1	308	84	347	76	21.9	207	64	1,340	526	39.3	-	814
2018	송파구	6,511	3,554	54.6	515	2,442	5,379	3,136	58.3	169	2,074	138	111	80.4	10	17	573	88	15.4	336	149	421	219	52	-	202
2018	강동구	4,435	2,669	60.2	251	1,515	3,237	2,049	63.3	138	1,050	267	169	63.3	-	98	504	226	44.8	113	165	427	225	52.7	-	202
2019	합계	96,806	53,570	55.3	7,232	36,004	64,527	38,651	59.9	1,141	24,735	4,169	2,482	59.5	505	1,182	14,942	5,093	34.1	5,465	4,384	13,168	7,344	55.8	121	5,703
2019	종로구	3,737	2,043	54.7	226	1,468	1,826	1,088	59.6	50	688	629	420	66.8	-	209	575	179	31.1	175	221	707	356	50.4	1	350
2019	중구	2,669	1,167	43.7	595	907	549	343	62.5	9	197	152	92	60.5	-	60	1,274	342	26.8	580	352	694	390	56.2	6	298
2019	용산구	2,444	1,366	55.9	260	818	1,568	1,000	63.8	46	522	-	-	-	-	-	701	261	37.2	214	226	175	105	60	-	70
2019	성동구	2,059	1,048	50.9	201	810	664	408	61.4	42	214	-	-	-	-	-	763	323	42.3	156	284	632	317	50.2	3	312
2019	광진구	3,343	2,043	61.1	35	1,265	2,454	1,468	59.8	35	951	638	443	69.4	-	195	-	-	-	-	-	251	132	52.6	-	119
2019	동대문구	3,114	1,781	57.2	352	981	1,489	1,022	68.6	78	389	-	-	-	-	-	631	205	32.5	273	153	994	554	55.7	1	439
2019	중랑구	2,769	1,699	61.4	247	823	1,764	1,182	67	46	536	-	-	-	-	-	373	160	42.9	150	63	632	357	56.5	51	224
2019	성북구	3,553	2,049	57.7	290	1,214	2,589	1,630	63	13	946	379	186	49.1	116	77	380	63	16.6	157	160	205	170	82.9	4	31
2019	강북구	2,200	1,265	57.5	103	832	1,436	861	60	9	566	-	-	-	-	-	192	73	38	82	37	572	331	57.9	12	229
2019	도봉구	2,725	1,513	55.5	140	1,072	1,717	950	55.3	11	756	225	141	62.7	-	84	399	156	39.1	129	114	384	266	69.3	-	118
2019	노원구	8,976	5,085	56.7	679	3,212	6,637	4,162	62.7	70	2,405	-	-	-	-	-	2,077	755	36.4	609	713	262	168	64.1	-	94
2019	은평구	5,193	2,974	57.3	740	1,479	3,746	2,402	64.1	165	1,179	-	-	-	-	-	1,240	414	33.4	575	251	207	158	76.3	-	49
2019	서대문구	2,142	1,282	59.9	67	793	1,608	957	59.5	37	614	139	109	78.4	-	30	-	-	-	-	-	395	216	54.7	30	149
2019	마포구	2,392	1,278	53.4	174	940	941	593	63	1	347	-	-	-	-	-	519	141	27.2	172	206	932	544	58.4	1	387
2019	양천구	5,444	2,939	54	181	2,324	4,229	2,388	56.5	107	1,734	-	-	-	-	-	531	252	47.5	74	205	684	299	43.7	-	385
2019	강서구	6,264	3,418	54.6	590	2,256	4,338	2,537	58.5	123	1,678	456	314	68.9	-	142	1,206	414	34.3	467	325	264	153	58	-	111
2019	구로구	3,844	2,352	61.2	244	1,248	1,947	1,310	67.3	11	626	410	249	60.7	-	161	811	336	41.4	233	242	676	457	67.6	-	219
2019	금천구	1,726	1,041	60.3	222	463	939	672	71.6	29	238	177	135	76.3	-	42	291	29	10	182	80	319	205	64.3	11	103
2019	영등포구	2,539	1,546	60.9	90	903	1,748	1,096	62.7	21	631	-	-	-	-	-	196	66	33.7	69	61	595	384	64.5	-	211
2019	동작구	2,487	1,282	51.5	310	895	1,707	1,013	59.3	63	631	-	-	-	-	-	485	136	28	247	102	295	133	45.1	-	162
2019	관악구	3,749	2,128	56.8	501	1,120	2,555	1,671	65.4	24	860	114	-	-	93	21	750	240	32	384	126	330	217	65.8	-	113
2019	서초구	4,262	2,217	52	73	1,972	3,321	1,772	53.4	3	1,546	-	-	-	-	-	162	35	21.6	70	57	779	410	52.6	-	369
2019	강남구	7,916	3,549	44.8	384	3,983	5,792	2,739	47.3	6	3,047	483	113	23.4	284	86	317	151	47.6	93	73	1,324	546	41.2	1	777
2019	송파구	6,672	3,743	56.1	391	2,538	5,557	3,301	59.4	111	2,145	127	103	81.1	12	12	567	127	22.4	268	172	421	212	50.4	-	209
2019	강동구	4,587	2,762	60.2	137	1,688	3,406	2,086	61.2	31	1,289	240	177	73.8	-	63	502	235	46.8	106	161	439	264	60.1	-	175
2020	합계	83,638	49,087	58.7	5,855	28,696	53,715	34,439	64.1	875	18,401	4,095	2,437	59.5	433	1,225	14,105	5,084	36	4,391	4,630	11,723	7,127	60.8	156	4,440
2020	종로구	3,219	1,870	58.1	197	1,152	1,478	954	64.5	46	478	629	384	61	-	245	473	176	37.2	151	146	639	356	55.7	-	283
2020	중구	2,380	1,120	47.1	464	796	403	285	70.7	11	107	128	87	68	-	41	1,265	400	31.6	446	419	584	348	59.6	7	229
2020	용산구	2,155	1,141	52.9	245	769	1,305	810	62.1	39	456	-	-	-	-	-	693	238	34.3	206	249	157	93	59.2	-	64
2020	성동구	1,979	1,170	59.1	152	657	780	534	68.5	29	217	-	-	-	-	-	657	296	45.1	119	242	542	340	62.7	4	198
2020	광진구	2,697	1,690	62.7	26	981	1,872	1,134	60.6	26	712	631	430	68.1	-	201	-	-	-	-	-	194	126	64.9	-	68
2020	동대문구	2,628	1,768	67.3	186	674	1,228	890	72.5	27	311	-	-	-	-	-	529	157	29.7	148	224	871	721	82.8	11	139
2020	중랑구	2,298	1,440	62.7	214	644	1,445	985	68.2	36	424	-	-	-	-	-	360	148	41.1	132	80	493	307	62.3	46	140
2020	성북구	3,064	1,911	62.4	351	802	2,195	1,534	69.9	57	604	382	204	53.4	110	68	303	35	11.6	179	89	184	138	75	5	41
2020	강북구	1,926	1,181	61.3	83	662	1,204	802	66.6	2	400	-	-	-	-	-	181	45	24.9	73	63	541	334	61.7	8	199
2020	도봉구	2,520	1,479	58.7	127	914	1,500	966	64.4	38	496	209	122	58.4	-	87	399	136	34.1	89	174	412	255	61.9	-	157
2020	노원구	7,567	4,482	59.2	611	2,474	5,321	3,506	65.9	116	1,699	-	-	-	-	-	2,018	821	40.7	495	702	228	155	68	-	73
2020	은평구	4,525	2,654	58.7	509	1,362	3,107	2,095	67.4	67	945	-	-	-	-	-	1,214	408	33.6	442	364	204	151	74	-	53
2020	서대문구	1,969	1,292	65.6	74	603	1,432	944	65.9	20	468	138	115	83.3	-	23	-	-	-	-	-	399	233	58.4	54	112
2020	마포구	2,139	1,223	57.2	162	754	760	523	68.8	-	237	-	-	-	-	-	496	176	35.5	155	165	883	524	59.3	7	352
2020	양천구	4,614	2,748	59.6	93	1,773	3,475	2,128	61.2	23	1,324	-	-	-	-	-	459	234	51	69	156	680	386	56.8	1	293
2020	강서구	5,725	3,391	59.2	462	1,872	3,890	2,539	65.3	91	1,260	446	297	66.6	-	149	1,161	410	35.3	371	380	228	145	63.6	-	83
2020	구로구	3,398	2,204	64.9	204	990	1,670	1,183	70.8	-	487	416	249	59.9	-	167	729	342	46.9	202	185	583	430	73.8	2	151
2020	금천구	1,485	989	66.6	184	312	809	596	73.7	53	160	169	148	87.6	-	21	247	55	22.3	124	68	260	190	73.1	7	63
2020	영등포구	2,169	1,351	62.3	78	740	1,419	921	64.9	5	493	-	-	-	-	-	198	66	33.3	73	59	552	364	65.9	-	188
2020	동작구	2,145	1,184	55.2	198	763	1,663	1,040	62.5	14	609	-	-	-	-	-	482	144	29.9	184	154	-	-	-	-	-
2020	관악구	3,364	1,964	58.4	396	1,004	2,283	1,561	68.4	6	716	108	4	3.7	85	19	719	234	32.5	304	181	254	165	65	1	88
2020	서초구	3,716	1,794	48.3	57	1,865	2,772	1,427	51.5	8	1,337	-	-	-	-	-	165	43	26.1	49	73	779	324	41.6	-	455
2020	강남구	6,578	3,331	50.6	324	2,923	4,525	2,467	54.5	53	2,005	487	120	24.6	223	144	308	173	56.2	45	90	1,258	571	45.4	3	684
2020	송파구	5,472	3,158	57.7	325	1,989	4,412	2,699	61.2	87	1,626	136	117	86	15	4	557	124	22.3	223	210	367	218	59.4	-	149
2020	강동구	3,906	2,552	65.3	133	1,221	2,767	1,916	69.2	21	830	216	160	74.1	-	56	492	223	45.3	112	157	431	253	58.7	-	178