기간	자치구	초·중·고 학생수	사설학원수	학생1만명당 사설학원수
2011	합계	1,219,799	13,477	110.5
2011	종로구	27,180	299	110
2011	중구	21,240	144	67.8
2011	용산구	24,596	161	65.5
2011	성동구	31,878	287	90
2011	광진구	44,001	427	97
2011	동대문구	39,559	352	89
2011	중랑구	44,157	354	80.2
2011	성북구	54,571	449	82.3
2011	강북구	32,998	254	77
2011	도봉구	45,408	270	59.5
2011	노원구	97,838	456	46.6
2011	은평구	61,966	532	85.9
2011	서대문구	33,271	343	103.1
2011	마포구	37,843	574	151.7
2011	양천구	74,532	923	123.8
2011	강서구	72,524	673	92.8
2011	구로구	46,900	426	90.8
2011	금천구	26,825	228	85
2011	영등포구	39,348	477	121.2
2011	동작구	40,765	424	104
2011	관악구	49,154	554	112.7
2011	서초구	52,312	976	186.6
2011	강남구	73,606	1,965	267
2011	송파구	88,455	1,172	132.5
2011	강동구	58,872	757	128.6
2012	합계	1,161,632	13,688	117.8
2012	종로구	25,871	278	107.5
2012	중구	19,939	142	71.2
2012	용산구	23,446	166	70.8
2012	성동구	30,240	274	90.6
2012	광진구	41,866	450	107.5
2012	동대문구	37,386	315	84.3
2012	중랑구	41,263	330	80
2012	성북구	52,502	484	92.2
2012	강북구	31,403	254	80.9
2012	도봉구	42,463	341	80.3
2012	노원구	93,356	645	69.1
2012	은평구	60,239	536	89
2012	서대문구	30,934	330	106.7
2012	마포구	36,490	582	159.5
2012	양천구	71,403	969	135.7
2012	강서구	68,969	677	98.2
2012	구로구	45,547	393	86.3
2012	금천구	25,087	213	84.9
2012	영등포구	36,708	458	124.8
2012	동작구	38,765	429	110.7
2012	관악구	46,540	472	101.4
2012	서초구	50,798	1,008	198.4
2012	강남구	69,955	2,014	287.9
2012	송파구	84,383	1,176	139.4
2012	강동구	56,079	752	134.1
2013	합계	1,107,766	13,405	121
2013	종로구	24,799	280	112.9
2013	중구	18,932	135	71.3
2013	용산구	22,371	166	74.2
2013	성동구	28,713	262	91.3
2013	광진구	39,886	420	105.3
2013	동대문구	35,561	331	93.1
2013	중랑구	38,779	321	82.8
2013	성북구	50,201	466	92.8
2013	강북구	30,081	248	82.4
2013	도봉구	39,860	263	66
2013	노원구	88,862	593	66.7
2013	은평구	58,152	485	83.4
2013	서대문구	30,200	319	105.6
2013	마포구	34,757	558	160.5
2013	양천구	67,592	973	144
2013	강서구	65,413	667	102
2013	구로구	43,602	407	93.3
2013	금천구	23,726	214	90.2
2013	영등포구	34,487	450	130.5
2013	동작구	37,566	465	123.8
2013	관악구	44,192	478	108.2
2013	서초구	49,927	1,050	210.3
2013	강남구	66,928	2,018	301.5
2013	송파구	80,039	1,118	139.7
2013	강동구	53,140	718	135.1
2014	합계	1,064,741	13,671	128.4
2014	종로구	23,702	273	115.2
2014	중구	17,991	129	71.7
2014	용산구	21,576	162	75.1
2014	성동구	27,151	262	96.5
2014	광진구	38,014	438	115.2
2014	동대문구	34,374	328	95.4
2014	중랑구	36,679	198	54
2014	성북구	48,609	455	93.6
2014	강북구	28,553	234	82
2014	도봉구	37,843	385	101.7
2014	노원구	84,636	791	93.5
2014	은평구	56,189	436	77.6
2014	서대문구	28,952	319	110.2
2014	마포구	33,723	577	171.1
2014	양천구	64,559	987	152.9
2014	강서구	62,705	671	107
2014	구로구	42,400	390	92
2014	금천구	22,311	212	95
2014	영등포구	32,839	448	136.4
2014	동작구	36,338	441	121.4
2014	관악구	42,196	463	109.7
2014	서초구	49,594	1,085	218.8
2014	강남구	65,652	2,143	326.4
2014	송파구	77,441	1,115	144
2014	강동구	50,714	729	143.8
2015	합계	1,022,447	13,989	136.8
2015	종로구	22,672	261	115.1
2015	중구	17,335	126	72.7
2015	용산구	20,589	163	79.2
2015	성동구	25,511	275	107.8
2015	광진구	36,099	446	123.6
2015	동대문구	33,295	349	104.8
2015	중랑구	34,708	297	85.6
2015	성북구	46,362	433	93.4
2015	강북구	26,925	227	84.3
2015	도봉구	35,664	366	102.6
2015	노원구	80,782	780	96.6
2015	은평구	53,537	515	96.2
2015	서대문구	27,680	301	108.7
2015	마포구	32,982	565	171.3
2015	양천구	62,114	1,031	166
2015	강서구	61,607	706	114.6
2015	구로구	41,103	393	95.6
2015	금천구	21,119	209	99
2015	영등포구	31,151	447	143.5
2015	동작구	34,877	445	127.6
2015	관악구	39,957	446	111.6
2015	서초구	49,118	1,181	240.4
2015	강남구	65,597	2,196	334.8
2015	송파구	73,232	1,100	150.2
2015	강동구	48,431	731	150.9
2016	합계	975,589	13,974	143.2
2016	종로구	21,270	278	130.7
2016	중구	15,918	127	79.8
2016	용산구	19,668	165	83.9
2016	성동구	24,317	279	114.7
2016	광진구	34,155	429	125.6
2016	동대문구	31,535	355	112.6
2016	중랑구	32,578	306	93.9
2016	성북구	44,979	453	100.7
2016	강북구	25,351	233	91.9
2016	도봉구	33,608	374	111.3
2016	노원구	76,307	794	104.1
2016	은평구	51,292	469	91.4
2016	서대문구	27,087	351	129.6
2016	마포구	31,730	603	190
2016	양천구	59,581	1,039	174.4
2016	강서구	59,112	708	119.8
2016	구로구	39,743	411	103.4
2016	금천구	19,731	210	106.4
2016	영등포구	29,466	471	159.9
2016	동작구	33,338	466	139.8
2016	관악구	37,563	456	121.4
2016	서초구	47,877	1,087	227
2016	강남구	64,412	2,078	322.6
2016	송파구	69,477	1,109	159.6
2016	강동구	45,494	723	158.9
2017	합계	938,302	14,189	151.2
2017	종로구	19,758	297	150.3
2017	중구	15,256	128	83.9
2017	용산구	18,780	175	93.2
2017	성동구	23,857	295	123.7
2017	광진구	32,417	442	136.4
2017	동대문구	30,290	360	118.9
2017	중랑구	31,119	288	92.6
2017	성북구	42,676	457	107.1
2017	강북구	24,222	227	93.7
2017	도봉구	32,149	360	112
2017	노원구	72,169	775	107.4
2017	은평구	49,191	521	105.9
2017	서대문구	26,254	342	130.3
2017	마포구	30,717	616	200.5
2017	양천구	57,741	1,052	182.2
2017	강서구	57,214	713	124.6
2017	구로구	38,562	431	111.8
2017	금천구	18,770	215	114.5
2017	영등포구	27,802	470	169.1
2017	동작구	32,362	472	145.9
2017	관악구	35,532	455	128.1
2017	서초구	47,258	1,090	230.7
2017	강남구	62,964	2,246	356.7
2017	송파구	67,537	1,093	161.8
2017	강동구	43,705	669	153.1
2018	합계	900,684	14,080	156.3
2018	종로구	18,468	274	148.4
2018	중구	14,751	119	80.7
2018	용산구	17,855	158	88.5
2018	성동구	23,086	314	136
2018	광진구	31,084	430	138.3
2018	동대문구	28,755	363	126.2
2018	중랑구	29,754	273	91.8
2018	성북구	41,039	464	113.1
2018	강북구	23,174	218	94.1
2018	도봉구	30,707	335	109.1
2018	노원구	67,933	747	110
2018	은평구	46,992	521	110.9
2018	서대문구	25,403	345	135.8
2018	마포구	29,648	644	217.2
2018	양천구	55,258	1,062	192.2
2018	강서구	55,703	707	126.9
2018	구로구	37,286	427	114.5
2018	금천구	17,987	222	123.4
2018	영등포구	26,822	467	174.1
2018	동작구	31,207	458	146.8
2018	관악구	33,943	450	132.6
2018	서초구	46,090	1,130	245.2
2018	강남구	60,608	2,263	373.4
2018	송파구	65,261	1,051	161
2018	강동구	41,870	638	152.4
2019	합계	866,395	14,044	162.1
2019	종로구	17,363	259	149.2
2019	중구	14,115	118	83.6
2019	용산구	16,852	155	92
2019	성동구	22,045	293	132.9
2019	광진구	29,965	406	135.5
2019	동대문구	27,509	368	133.8
2019	중랑구	28,596	276	96.5
2019	성북구	39,384	450	114.3
2019	강북구	22,134	209	94.4
2019	도봉구	29,268	317	108.3
2019	노원구	63,924	740	115.8
2019	은평구	45,177	525	116.2
2019	서대문구	24,562	346	140.9
2019	마포구	28,825	683	237
2019	양천구	53,162	1,037	195.1
2019	강서구	53,845	693	128.7
2019	구로구	36,200	406	112.2
2019	금천구	17,293	224	129.5
2019	영등포구	25,992	446	171.6
2019	동작구	30,176	465	154.1
2019	관악구	32,199	443	137.6
2019	서초구	44,671	1,119	250.5
2019	강남구	58,914	2,279	386.8
2019	송파구	63,999	1,115	174.2
2019	강동구	40,225	672	167.1
2020	합계	840,933	13,992	166.4
2020	종로구	16,452	243	147.7
2020	중구	13,566	109	80.3
2020	용산구	15,852	154	97.1
2020	성동구	20,447	289	141.3
2020	광진구	28,972	405	139.8
2020	동대문구	26,533	350	131.9
2020	중랑구	27,353	262	95.8
2020	성북구	37,884	439	115.9
2020	강북구	21,398	206	96.3
2020	도봉구	27,661	297	107.4
2020	노원구	61,078	718	117.6
2020	은평구	43,300	519	119.9
2020	서대문구	24,144	348	144.1
2020	마포구	27,821	689	247.7
2020	양천구	52,115	1,008	193.4
2020	강서구	51,758	694	134.1
2020	구로구	35,384	394	111.3
2020	금천구	16,497	212	128.5
2020	영등포구	25,331	445	175.7
2020	동작구	29,160	471	161.5
2020	관악구	30,710	431	140.3
2020	서초구	43,580	1,148	263.4
2020	강남구	59,344	2,361	397.8
2020	송파구	62,219	1,076	172.9
2020	강동구	42,374	724	170.9