기간	자치구	유치원	유치원	유치원	초등학교	초등학교	초등학교	중학교	중학교	중학교	고등학교	고등학교	고등학교
기간	자치구	원아수	교원현황	교원현황	재학생수	교원현황	교원현황	재학생수	교원현황	교원현황	재학생수	교원현황	교원현황
기간	자치구	원아수	교원수	교원1인당학생수	재학생수	교원수	교원1인당학생수	재학생수	교원수	교원1인당학생수	재학생수	교원수	교원1인당학생수
2011	합계	81,237	5,755	14.1	535,948	29,639	18.1	330,219	18,652	17.7	353,632	23,052	15.3
2011	종로구	1,179	84	14	7,714	497	15.5	5,086	323	15.7	14,380	1,008	14.3
2011	중구	1,149	86	13.4	6,948	440	15.8	3,845	255	15.1	10,447	764	13.7
2011	용산구	1,723	114	15.1	9,925	626	15.9	5,776	351	16.5	8,895	669	13.3
2011	성동구	2,484	180	13.8	16,002	968	16.5	8,423	516	16.3	7,453	564	13.2
2011	광진구	3,019	211	14.3	19,073	1,069	17.8	12,299	677	18.2	12,629	738	17.1
2011	동대문구	3,025	216	14	17,687	1,021	17.3	11,368	674	16.9	10,504	726	14.5
2011	중랑구	2,962	214	13.8	20,781	1,180	17.6	12,357	729	17	11,019	730	15.1
2011	성북구	5,068	353	14.4	27,079	1,435	18.9	13,772	797	17.3	13,720	931	14.7
2011	강북구	1,935	144	13.4	15,204	831	18.3	10,442	580	18	7,352	454	16.2
2011	도봉구	2,900	205	14.1	22,127	1,195	18.5	12,321	692	17.8	10,960	710	15.4
2011	노원구	7,600	498	15.3	39,278	2,047	19.2	26,047	1,378	18.9	32,513	2,082	15.6
2011	은평구	3,803	266	14.3	28,268	1,518	18.6	16,117	891	18.1	17,581	1,198	14.7
2011	서대문구	2,354	180	13.1	16,444	905	18.2	9,867	567	17.4	6,960	452	15.4
2011	마포구	3,231	213	15.2	19,473	1,160	16.8	10,413	611	17	7,957	531	15
2011	양천구	4,463	324	13.8	30,095	1,568	19.2	25,157	1,312	19.2	19,280	1,128	17.1
2011	강서구	4,819	349	13.8	32,454	1,717	18.9	15,415	880	17.5	24,655	1,589	15.5
2011	구로구	2,980	206	14.5	21,792	1,235	17.6	12,109	724	16.7	12,999	885	14.7
2011	금천구	1,635	110	14.9	12,232	753	16.2	7,717	464	16.6	6,876	453	15.2
2011	영등포구	3,508	259	13.5	18,766	1,143	16.4	10,496	633	16.6	10,086	698	14.4
2011	동작구	2,771	230	12	19,865	1,092	18.2	11,635	683	17	9,265	625	14.8
2011	관악구	4,294	284	15.1	22,334	1,239	18	12,859	760	16.9	13,961	1,005	13.9
2011	서초구	2,320	171	13.6	22,320	1,115	20	14,781	796	18.6	15,211	894	17
2011	강남구	2,909	244	11.9	25,487	1,405	18.1	20,763	1,112	18.7	27,356	1,645	16.6
2011	송파구	4,971	366	13.6	38,315	2,050	18.7	25,360	1,381	18.4	24,780	1,508	16.4
2011	강동구	4,135	248	16.7	26,285	1,430	18.4	15,794	866	18.2	16,793	1,065	15.8
2012	합계	87,997	6,213	14.2	502,000	29,762	16.9	315,241	18,442	17.1	344,391	23,245	14.8
2012	종로구	1,246	88	14.2	7,140	489	14.6	4,878	322	15.1	13,853	1,000	13.9
2012	중구	1,240	95	13.1	6,512	424	15.4	3,513	250	14.1	9,914	777	12.8
2012	용산구	1,754	123	14.3	9,423	628	15	5,803	351	16.5	8,220	664	12.4
2012	성동구	2,711	192	14.1	14,734	975	15.1	8,014	509	15.7	7,492	576	13
2012	광진구	3,219	236	13.6	17,675	1,051	16.8	11,745	662	17.7	12,446	724	17.2
2012	동대문구	3,100	232	13.4	16,516	1,003	16.5	10,655	639	16.7	10,215	736	13.9
2012	중랑구	3,141	218	14.4	19,027	1,167	16.3	11,597	711	16.3	10,639	733	14.5
2012	성북구	5,486	382	14.4	25,802	1,461	17.7	13,616	818	16.6	13,084	919	14.2
2012	강북구	2,076	154	13.5	14,066	825	17	9,900	576	17.2	7,437	496	15
2012	도봉구	3,151	221	14.3	20,400	1,158	17.6	11,590	667	17.4	10,473	693	15.1
2012	노원구	7,863	535	14.7	36,610	2,052	17.8	24,927	1,371	18.2	31,819	2,109	15.1
2012	은평구	4,642	319	14.6	26,813	1,551	17.3	15,724	875	18	17,702	1,214	14.6
2012	서대문구	2,512	188	13.4	15,137	906	16.7	9,162	555	16.5	6,635	454	14.6
2012	마포구	3,425	225	15.2	18,520	1,156	16	10,199	607	16.8	7,771	532	14.6
2012	양천구	4,960	339	14.6	28,427	1,600	17.8	24,196	1,314	18.4	18,780	1,138	16.5
2012	강서구	5,358	380	14.1	30,405	1,735	17.5	14,587	866	16.8	23,977	1,599	15
2012	구로구	3,320	229	14.5	20,997	1,282	16.4	11,596	705	16.4	12,954	895	14.5
2012	금천구	1,849	124	14.9	11,257	744	15.1	7,174	452	15.9	6,656	465	14.3
2012	영등포구	3,670	273	13.4	17,233	1,128	15.3	9,802	610	16.1	9,673	697	13.9
2012	동작구	3,246	262	12.4	18,676	1,100	17	11,056	676	16.4	9,033	629	14.4
2012	관악구	4,587	295	15.5	20,703	1,260	16.4	12,143	727	16.7	13,694	1,028	13.3
2012	서초구	2,442	174	14	21,727	1,164	18.7	14,359	803	17.9	14,712	891	16.5
2012	강남구	3,152	262	12	23,670	1,436	16.5	19,759	1,134	17.4	26,526	1,635	16.2
2012	송파구	5,560	410	13.6	35,933	2,045	17.6	24,124	1,347	17.9	24,326	1,556	15.6
2012	강동구	4,287	257	16.7	24,597	1,422	17.3	15,122	895	16.9	16,360	1,085	15.1
2013	합계	92,400	6,657	13.9	469,392	29,751	15.8	304,251	18,424	16.5	334,123	23,190	14.4
2013	종로구	1,263	89	14.2	6,561	502	13.1	4,700	318	14.8	13,538	1,000	13.5
2013	중구	1,289	102	12.6	6,066	427	14.2	3,266	247	13.2	9,600	757	12.7
2013	용산구	1,772	126	14.1	8,763	627	14	5,579	340	16.4	8,029	640	12.5
2013	성동구	2,623	191	13.7	13,713	956	14.3	7,710	507	15.2	7,290	578	12.6
2013	광진구	3,346	243	13.8	16,482	1,025	16.1	11,340	670	16.9	12,064	710	17
2013	동대문구	3,371	251	13.4	15,439	982	15.7	10,166	659	15.4	9,956	752	13.2
2013	중랑구	3,275	236	13.9	17,369	1,146	15.2	11,057	688	16.1	10,353	733	14.1
2013	성북구	5,875	410	14.3	24,544	1,443	17	13,366	821	16.3	12,291	898	13.7
2013	강북구	2,172	155	14	13,005	801	16.2	9,543	554	17.2	7,533	511	14.7
2013	도봉구	3,287	245	13.4	18,763	1,120	16.8	11,051	659	16.8	10,046	679	14.8
2013	노원구	8,163	581	14	33,518	2,007	16.7	24,160	1,364	17.7	31,184	2,122	14.7
2013	은평구	4,896	351	13.9	25,395	1,556	16.3	15,408	881	17.5	17,349	1,232	14.1
2013	서대문구	2,524	198	12.7	14,444	918	15.7	8,948	587	15.2	6,808	472	14.4
2013	마포구	3,217	223	14.4	17,375	1,182	14.7	9,906	611	16.2	7,476	534	14
2013	양천구	5,374	384	14	26,349	1,583	16.6	23,105	1,281	18	18,138	1,132	16
2013	강서구	5,462	414	13.2	28,241	1,747	16.2	14,217	853	16.7	22,955	1,608	14.3
2013	구로구	3,462	242	14.3	19,788	1,299	15.2	11,235	713	15.8	12,579	886	14.2
2013	금천구	2,055	143	14.4	10,406	763	13.6	6,732	456	14.8	6,588	458	14.4
2013	영등포구	3,841	284	13.5	15,941	1,128	14.1	9,247	592	15.6	9,299	678	13.7
2013	동작구	3,365	262	12.8	18,171	1,135	16	10,846	677	16	8,549	620	13.8
2013	관악구	4,608	303	15.2	19,157	1,243	15.4	11,457	724	15.8	13,578	1,042	13
2013	서초구	2,679	198	13.5	21,579	1,234	17.5	14,149	795	17.8	14,199	897	15.8
2013	강남구	3,800	302	12.6	22,280	1,442	15.5	19,048	1,135	16.8	25,600	1,630	15.7
2013	송파구	5,822	422	13.8	33,307	2,058	16.2	23,360	1,375	17	23,372	1,522	15.4
2013	강동구	4,859	302	16.1	22,736	1,427	15.9	14,655	917	16	15,749	1,099	14.3
2014	합계	91,195	6,651	13.7	457,517	29,613	15.4	286,826	18,350	15.6	320,398	22,957	14
2014	종로구	1,274	91	14	6,233	489	12.7	4,400	319	13.8	13,069	989	13.2
2014	중구	1,193	103	11.6	5,854	417	14	2,960	241	12.3	9,177	754	12.2
2014	용산구	1,761	124	14.2	8,529	615	13.9	5,310	351	15.1	7,737	636	12.2
2014	성동구	2,623	195	13.5	13,174	946	13.9	7,186	494	14.5	6,791	551	12.3
2014	광진구	3,251	242	13.4	16,086	1,040	15.5	10,378	655	15.8	11,550	700	16.5
2014	동대문구	3,368	264	12.8	15,110	976	15.5	9,556	646	14.8	9,708	757	12.8
2014	중랑구	3,231	251	12.9	16,801	1,141	14.7	10,220	673	15.2	9,658	725	13.3
2014	성북구	5,630	414	13.6	23,948	1,448	16.5	12,806	833	15.4	11,855	884	13.4
2014	강북구	2,182	164	13.3	12,402	793	15.6	8,952	559	16	7,199	500	14.4
2014	도봉구	3,097	193	16	18,014	1,111	16.2	10,392	655	15.9	9,437	674	14
2014	노원구	7,733	446	17.3	31,890	1,987	16	22,835	1,342	17	29,911	2,127	14.1
2014	은평구	4,549	354	12.9	24,688	1,543	16	14,567	891	16.3	16,934	1,232	13.7
2014	서대문구	2,563	208	12.3	13,645	914	14.9	8,566	594	14.4	6,741	480	14
2014	마포구	3,183	233	13.7	17,050	1,160	14.7	9,554	607	15.7	7,119	534	13.3
2014	양천구	5,264	391	13.5	25,446	1,542	16.5	21,709	1,255	17.3	17,404	1,123	15.5
2014	강서구	5,131	416	12.3	27,387	1,735	15.8	13,536	865	15.6	21,782	1,575	13.8
2014	구로구	3,614	262	13.8	19,562	1,303	15	10,779	712	15.1	12,059	875	13.8
2014	금천구	1,946	143	13.6	9,912	751	13.2	6,147	428	14.4	6,252	455	13.7
2014	영등포구	3,932	303	13	15,499	1,123	13.8	8,518	560	15.2	8,822	655	13.5
2014	동작구	3,693	299	12.4	17,916	1,110	16.1	10,275	675	15.2	8,147	594	13.7
2014	관악구	4,413	324	13.6	18,364	1,224	15	10,684	716	14.9	13,148	1,046	12.6
2014	서초구	2,652	192	13.8	22,144	1,290	17.2	13,557	821	16.5	13,893	904	15.4
2014	강남구	4,042	322	12.6	22,665	1,475	15.4	18,038	1,168	15.4	24,949	1,623	15.4
2014	송파구	6,063	413	14.7	33,028	2,068	16	22,299	1,377	16.2	22,114	1,496	14.8
2014	강동구	4,807	304	15.8	22,170	1,412	15.7	13,602	913	14.9	14,942	1,068	14
2015	합계	91,394	6,903	13.2	450,675	29,627	15.2	263,466	18,076	14.6	308,306	22,870	13.5
2015	종로구	1,238	91	13.6	6,084	475	12.8	3,935	307	12.8	12,653	981	12.9
2015	중구	1,204	98	12.3	5,739	412	13.9	2,663	239	11.1	8,933	764	11.7
2015	용산구	1,753	135	13	8,210	612	13.4	4,799	359	13.4	7,580	628	12.1
2015	성동구	2,548	186	13.7	12,641	939	13.5	6,442	480	13.4	6,428	536	12
2015	광진구	3,199	245	13.1	15,760	1,049	15	9,403	628	15	10,936	694	15.8
2015	동대문구	3,437	267	12.9	14,916	975	15.3	8,712	619	14.1	9,667	751	12.9
2015	중랑구	3,325	258	12.9	16,472	1,127	14.6	9,099	639	14.2	9,137	718	12.7
2015	성북구	5,440	415	13.1	23,306	1,473	15.8	11,732	797	14.7	11,324	886	12.8
2015	강북구	2,103	155	13.6	11,879	795	14.9	8,209	521	15.8	6,837	496	13.8
2015	도봉구	3,035	221	13.7	17,408	1,114	15.6	9,390	638	14.7	8,866	690	12.9
2015	노원구	7,364	547	13.5	31,048	1,949	15.9	20,968	1,314	16	28,766	2,103	13.7
2015	은평구	4,600	341	13.5	23,918	1,519	15.8	13,364	895	14.9	16,255	1,213	13.4
2015	서대문구	2,571	204	12.6	13,171	881	15	7,938	583	13.6	6,571	489	13.4
2015	마포구	3,132	232	13.5	17,117	1,174	14.6	8,923	603	14.8	6,942	524	13.3
2015	양천구	5,168	409	12.6	25,237	1,526	16.5	19,798	1,249	15.9	17,079	1,138	15
2015	강서구	5,643	457	12.4	27,960	1,778	15.7	12,962	891	14.6	20,685	1,547	13.4
2015	구로구	3,568	268	13.3	19,363	1,298	14.9	9,992	713	14	11,748	883	13.3
2015	금천구	1,763	135	13.1	9,610	718	13.4	5,557	427	13	5,952	450	13.2
2015	영등포구	4,013	316	12.7	15,078	1,117	13.5	7,707	546	14.1	8,366	652	12.8
2015	동작구	3,706	285	13	17,474	1,115	15.7	9,593	669	14.3	7,810	592	13.2
2015	관악구	4,549	334	13.6	17,747	1,227	14.5	9,720	704	13.8	12,490	1,046	11.9
2015	서초구	2,913	214	13.6	22,817	1,289	17.7	12,793	836	15.3	13,508	931	14.5
2015	강남구	4,397	343	12.8	24,007	1,556	15.4	17,025	1,173	14.5	24,565	1,607	15.3
2015	송파구	6,027	444	13.6	32,093	2,085	15.4	20,261	1,349	15	20,878	1,479	14.1
2015	강동구	4,698	303	15.5	21,620	1,424	15.2	12,481	897	13.9	14,330	1,072	13.4
2016	합계	91,026	7,023	13	436,121	29,448	14.8	239,912	17,897	13.4	299,556	22,598	13.3
2016	종로구	1,330	103	12.9	5,686	451	12.6	3,453	306	11.3	12,131	957	12.7
2016	중구	1,176	97	12.1	5,474	405	13.5	2,281	240	9.5	8,163	705	11.6
2016	용산구	1,779	138	12.9	7,923	604	13.1	4,270	352	12.1	7,475	631	11.8
2016	성동구	2,584	198	13.1	12,352	963	12.8	5,709	478	11.9	6,256	530	11.8
2016	광진구	3,174	247	12.9	15,327	1,041	14.7	8,440	608	13.9	10,388	672	15.5
2016	동대문구	3,388	262	12.9	14,212	951	14.9	7,792	601	13	9,531	748	12.7
2016	중랑구	3,366	270	12.5	15,779	1,103	14.3	8,197	637	12.9	8,602	691	12.4
2016	성북구	5,243	407	12.9	22,467	1,459	15.4	10,873	794	13.7	11,639	934	12.5
2016	강북구	2,105	171	12.3	11,225	761	14.8	7,484	529	14.1	6,642	493	13.5
2016	도봉구	3,027	238	12.7	16,760	1,087	15.4	8,386	626	13.4	8,462	698	12.1
2016	노원구	7,255	535	13.6	29,482	1,915	15.4	18,932	1,304	14.5	27,893	2,062	13.5
2016	은평구	4,586	350	13.1	23,037	1,491	15.5	12,263	888	13.8	15,992	1,209	13.2
2016	서대문구	2,748	220	12.5	13,331	941	14.2	7,298	580	12.6	6,458	505	12.8
2016	마포구	3,085	232	13.3	16,361	1,164	14.1	8,376	619	13.5	6,993	521	13.4
2016	양천구	5,177	416	12.4	24,825	1,536	16.2	18,073	1,218	14.8	16,683	1,123	14.9
2016	강서구	5,858	468	12.5	27,048	1,774	15.2	12,200	896	13.6	19,864	1,526	13
2016	구로구	3,482	258	13.5	19,143	1,308	14.6	9,058	704	12.9	11,542	883	13.1
2016	금천구	1,666	126	13.2	9,189	702	13.1	4,951	425	11.6	5,591	442	12.6
2016	영등포구	4,017	327	12.3	14,449	1,099	13.1	6,997	531	13.2	8,020	638	12.6
2016	동작구	3,684	304	12.1	16,887	1,099	15.4	8,826	655	13.5	7,625	600	12.7
2016	관악구	4,385	324	13.5	16,883	1,198	14.1	8,838	694	12.7	11,842	1,002	11.8
2016	서초구	3,044	217	14	22,595	1,323	17.1	12,004	857	14	13,278	930	14.3
2016	강남구	4,318	347	12.4	24,190	1,573	15.4	15,947	1,180	13.5	24,275	1,606	15.1
2016	송파구	6,073	473	12.8	31,048	2,106	14.7	18,155	1,305	13.9	20,274	1,456	13.9
2016	강동구	4,476	295	15.2	20,448	1,394	14.7	11,109	870	12.8	13,937	1,036	13.5
2017	합계	88,987	7,092	12.5	428,333	29,191	14.7	227,001	17,621	12.9	282,968	22,212	12.7
2017	종로구	1,320	98	13.5	5,561	466	11.9	3,168	293	10.8	11,029	889	12.4
2017	중구	1,172	97	12.1	5,283	398	13.3	2,107	239	8.8	7,866	695	11.3
2017	용산구	1,672	141	11.9	7,624	581	13.1	3,973	357	11.1	7,183	625	11.5
2017	성동구	2,638	201	13.1	12,047	954	12.6	5,474	461	11.9	6,336	568	11.2
2017	광진구	3,139	251	12.5	15,029	1,034	14.5	7,947	599	13.3	9,441	651	14.5
2017	동대문구	3,249	262	12.4	13,930	938	14.9	7,265	594	12.2	9,095	731	12.4
2017	중랑구	3,365	272	12.4	15,419	1,087	14.2	7,691	625	12.3	8,009	661	12.1
2017	성북구	5,094	425	12	21,897	1,399	15.7	10,368	788	13.2	10,411	858	12.1
2017	강북구	1,887	166	11.4	10,878	729	14.9	6,945	518	13.4	6,399	484	13.2
2017	도봉구	2,929	237	12.4	16,242	1,061	15.3	7,726	612	12.6	8,181	674	12.1
2017	노원구	6,867	548	12.5	28,364	1,874	15.1	17,781	1,296	13.7	26,024	2,033	12.8
2017	은평구	4,242	349	12.2	22,409	1,452	15.4	11,538	858	13.4	15,244	1,190	12.8
2017	서대문구	2,649	220	12	13,193	904	14.6	6,811	571	11.9	6,250	490	12.8
2017	마포구	2,975	226	13.2	15,850	1,150	13.8	7,959	612	13	6,908	516	13.4
2017	양천구	4,972	422	11.8	24,526	1,540	15.9	17,123	1,207	14.2	16,092	1,128	14.3
2017	강서구	6,084	483	12.6	26,594	1,760	15.1	11,713	906	12.9	18,907	1,519	12.4
2017	구로구	3,271	259	12.6	18,965	1,313	14.4	8,462	671	12.6	11,135	880	12.7
2017	금천구	1,767	135	13.1	9,030	731	12.4	4,638	408	11.4	5,102	428	11.9
2017	영등포구	3,883	308	12.6	13,905	1,092	12.7	6,526	523	12.5	7,371	612	12
2017	동작구	3,620	301	12	16,698	1,075	15.5	8,477	654	13	7,187	592	12.1
2017	관악구	4,147	323	12.8	16,227	1,170	13.9	8,143	662	12.3	11,162	979	11.4
2017	서초구	3,122	238	13.1	22,939	1,343	17.1	11,822	872	13.6	12,497	909	13.7
2017	강남구	4,156	334	12.4	24,371	1,595	15.3	15,574	1,121	13.9	23,019	1,675	13.7
2017	송파구	6,261	498	12.6	31,191	2,103	14.8	17,328	1,312	13.2	19,018	1,425	13.3
2017	강동구	4,506	298	15.1	20,161	1,442	14	10,442	862	12.1	13,102	1,000	13.1
2018	합계	85,213	6,958	12.2	424,800	28,992	14.7	216,330	17,743	12.2	259,554	21,884	11.9
2018	종로구	1,299	100	13	5,507	446	12.3	2,945	294	10	10,016	886	11.3
2018	중구	1,123	100	11.2	5,226	398	13.1	1,986	243	8.2	7,539	689	10.9
2018	용산구	1,574	136	11.6	7,460	578	12.9	3,753	350	10.7	6,642	622	10.7
2018	성동구	2,608	206	12.7	11,922	972	12.3	5,225	474	11	5,939	586	10.1
2018	광진구	3,050	254	12	15,016	1,020	14.7	7,564	608	12.4	8,504	620	13.7
2018	동대문구	3,162	271	11.7	13,721	968	14.2	6,768	605	11.2	8,266	713	11.6
2018	중랑구	3,192	273	11.7	15,336	1,070	14.3	7,216	619	11.7	7,202	633	11.4
2018	성북구	4,849	424	11.4	21,564	1,405	15.3	10,036	804	12.5	9,439	843	11.2
2018	강북구	1,692	147	11.5	10,654	736	14.5	6,568	510	12.9	5,952	471	12.6
2018	도봉구	2,686	230	11.7	15,962	1,041	15.3	7,197	607	11.9	7,548	678	11.1
2018	노원구	6,639	541	12.3	27,558	1,851	14.9	16,701	1,291	12.9	23,674	1,984	11.9
2018	은평구	3,939	306	12.9	22,028	1,428	15.4	10,807	849	12.7	14,157	1,172	12.1
2018	서대문구	2,614	214	12.2	13,027	910	14.3	6,502	570	11.4	5,874	477	12.3
2018	마포구	2,782	223	12.5	15,432	1,098	14.1	7,705	637	12.1	6,511	522	12.5
2018	양천구	4,805	400	12	24,481	1,526	16	16,319	1,214	13.4	14,458	1,114	13
2018	강서구	6,023	481	12.5	26,949	1,768	15.2	11,311	918	12.3	17,443	1,466	11.9
2018	구로구	3,108	252	12.3	18,820	1,297	14.5	8,084	667	12.1	10,382	872	11.9
2018	금천구	1,716	138	12.4	8,883	712	12.5	4,400	397	11.1	4,704	425	11.1
2018	영등포구	3,707	306	12.1	13,881	1,081	12.8	6,228	531	11.7	6,713	606	11.1
2018	동작구	3,490	289	12.1	16,366	1,094	15	8,098	662	12.2	6,743	581	11.6
2018	관악구	3,830	301	12.7	15,768	1,147	13.7	7,734	666	11.6	10,441	938	11.1
2018	서초구	2,916	231	12.6	23,182	1,369	16.9	11,430	890	12.8	11,478	907	12.7
2018	강남구	4,026	336	12	24,858	1,610	15.4	15,245	1,151	13.2	20,505	1,663	12.3
2018	송파구	6,074	501	12.1	31,368	2,133	14.7	16,697	1,325	12.6	17,196	1,417	12.1
2018	강동구	4,309	298	14.5	19,831	1,334	14.9	9,811	861	11.4	12,228	999	12.2
2019	합계	78,009	6,530	11.9	422,293	28,727	14.7	207,413	17,596	11.8	236,689	21,519	11
2019	종로구	1,217	103	11.8	5,463	439	12.4	2,854	294	9.7	9,046	880	10.3
2019	중구	1,122	98	11.4	5,181	401	12.9	1,876	242	7.8	7,058	676	10.4
2019	용산구	1,407	115	12.2	7,273	580	12.5	3,583	341	10.5	5,996	605	9.9
2019	성동구	2,264	186	12.2	11,789	936	12.6	5,010	461	10.9	5,246	589	8.9
2019	광진구	2,753	237	11.6	14,977	1,018	14.7	7,347	599	12.3	7,641	606	12.6
2019	동대문구	3,065	264	11.6	13,684	937	14.6	6,476	586	11.1	7,349	692	10.6
2019	중랑구	2,947	255	11.6	15,176	1,071	14.2	6,857	603	11.4	6,563	614	10.7
2019	성북구	4,535	396	11.5	21,051	1,391	15.1	9,601	804	11.9	8,732	816	10.7
2019	강북구	1,376	125	11	10,392	708	14.7	6,200	495	12.5	5,542	466	11.9
2019	도봉구	2,419	212	11.4	15,561	1,023	15.2	6,753	596	11.3	6,954	654	10.6
2019	노원구	6,203	505	12.3	26,994	1,788	15.1	15,617	1,285	12.2	21,313	1,957	10.9
2019	은평구	3,624	298	12.2	21,613	1,411	15.3	10,352	850	12.2	13,212	1,170	11.3
2019	서대문구	2,439	210	11.6	12,993	890	14.6	6,140	553	11.1	5,429	485	11.2
2019	마포구	2,609	203	12.9	15,272	1,086	14.1	7,392	623	11.9	6,161	521	11.8
2019	양천구	4,469	380	11.8	24,414	1,533	15.9	15,723	1,222	12.9	13,025	1,070	12.2
2019	강서구	5,683	466	12.2	27,134	1,781	15.2	10,695	925	11.6	16,016	1,416	11.3
2019	구로구	3,135	264	11.9	18,674	1,330	14	7,892	654	12.1	9,634	870	11.1
2019	금천구	1,610	143	11.3	8,880	698	12.7	4,121	386	10.7	4,292	413	10.4
2019	영등포구	3,377	281	12	13,891	1,057	13.1	5,956	529	11.3	6,145	602	10.2
2019	동작구	3,113	258	12.1	16,257	1,060	15.3	7,754	651	11.9	6,165	559	11
2019	관악구	3,252	270	12	15,246	1,105	13.8	7,277	655	11.1	9,676	931	10.4
2019	서초구	2,655	223	11.9	23,064	1,367	16.9	11,244	891	12.6	10,363	892	11.6
2019	강남구	3,641	313	11.6	25,484	1,593	16	14,916	1,150	13	18,514	1,647	11.2
2019	송파구	5,348	452	11.8	32,208	2,195	14.7	16,430	1,358	12.1	15,361	1,394	11
2019	강동구	3,746	273	13.7	19,622	1,329	14.8	9,347	843	11.1	11,256	994	11.3
2020	합계	74,657	6,517	11.5	409,536	28,608	14.3	207,081	17,422	11.9	224,316	21,261	10.6
2020	종로구	1,180	101	11.7	5,192	452	11.5	2,793	294	9.5	8,467	858	9.9
2020	중구	1,038	97	10.7	4,990	393	12.7	1,845	238	7.8	6,731	671	10
2020	용산구	1,344	115	11.7	6,870	568	12.1	3,512	332	10.6	5,470	606	9
2020	성동구	2,110	175	12.1	10,992	919	12	4,861	433	11.2	4,594	554	8.3
2020	광진구	2,470	219	11.3	14,257	998	14.3	7,337	597	12.3	7,378	604	12.2
2020	동대문구	2,849	245	11.6	13,157	932	14.1	6,459	574	11.3	6,917	678	10.2
2020	중랑구	2,700	251	10.8	14,554	1,067	13.6	6,649	596	11.2	6,150	597	10.3
2020	성북구	4,346	392	11.1	20,086	1,359	14.8	9,526	811	11.7	8,272	804	10.3
2020	강북구	1,244	119	10.5	9,913	703	14.1	6,139	491	12.5	5,346	458	11.7
2020	도봉구	2,252	210	10.7	14,540	1,012	14.4	6,588	598	11	6,533	641	10.2
2020	노원구	5,872	506	11.6	25,841	1,751	14.8	15,205	1,244	12.2	20,032	1,930	10.4
2020	은평구	3,551	298	11.9	20,400	1,408	14.5	10,240	847	12.1	12,660	1,164	10.9
2020	서대문구	2,371	197	12	12,988	906	14.3	6,057	557	10.9	5,099	470	10.8
2020	마포구	2,784	232	12	14,375	1,037	13.9	7,474	610	12.3	5,972	554	10.8
2020	양천구	4,150	363	11.4	23,985	1,555	15.4	15,779	1,204	13.1	12,351	1,059	11.7
2020	강서구	5,375	466	11.5	26,078	1,756	14.9	10,682	925	11.5	14,998	1,384	10.8
2020	구로구	2,905	253	11.5	18,180	1,336	13.6	8,026	678	11.8	9,178	864	10.6
2020	금천구	1,550	139	11.2	8,339	693	12	4,073	378	10.8	4,085	416	9.8
2020	영등포구	3,410	308	11.1	13,537	1,039	13	5,922	513	11.5	5,872	585	10
2020	동작구	2,846	248	11.5	15,553	1,045	14.9	7,707	650	11.9	5,900	548	10.8
2020	관악구	2,991	268	11.2	14,410	1,067	13.5	7,124	648	11	9,176	928	9.9
2020	서초구	2,467	219	11.3	22,668	1,324	17.1	11,108	891	12.5	9,804	886	11.1
2020	강남구	3,260	312	10.4	25,905	1,611	16.1	15,602	1,136	13.7	17,837	1,639	10.9
2020	송파구	5,355	474	11.3	31,373	2,173	14.4	16,309	1,329	12.3	14,537	1,385	10.5
2020	강동구	4,237	310	13.7	21,353	1,504	14.2	10,064	848	11.9	10,957	978	11.2