기간	자치구	학교수	학급수	학생수	학생수	학생수	교원수	교원수	사무직원수	사무직원수	졸업자현황	졸업자현황	입학자현황	입학자현황	교지면적	건물면적	교실수
기간	자치구	학교수	학급수	계	남자	여자	계	여자	계	여자	졸업자수	진학자수	입학정원수	입학자수	교지면적	건물면적	교실수
2011	합계	71	2,560	88,561	47,146	41,415	5,623	3,432	461	204	29,082	15,322	31,496	30,900	1,426	1,004	2,655
2011	국립	1	27	984	496	488	61	36	5	2	325	208	312	340	36	10	33
2011	공립	70	2,533	87,577	46,650	40,927	5,562	3,396	456	202	28,757	15,114	31,184	30,560	1,390	994	2,622
2011	종로구	1	48	1,705	1,705	-	104	50	9	2	592	225	540	558	51	22	51
2011	용산구	1	43	1,433	1,433	-	91	47	7	3	585	262	455	473	36	16	45
2011	성동구	2	72	2,417	555	1,862	155	108	13	6	509	311	826	830	49	27	86
2011	광진구	3	140	4,769	3,007	1,762	312	190	19	9	1,765	915	1,582	1,585	48	45	144
2011	중랑구	3	108	3,794	2,425	1,369	234	148	21	11	1,281	728	1,305	1,308	45	39	111
2011	성북구	2	63	2,346	1,219	1,127	146	88	11	4	786	457	767	796	55	23	70
2011	강북구	2	50	1,593	180	1,413	106	70	13	6	471	282	722	728	25	28	51
2011	도봉구	4	136	4,751	2,633	2,118	298	176	24	10	1,604	863	1,639	1,635	61	58	137
2011	노원구	4	149	5,257	3,686	1,571	315	188	27	13	1,799	951	1,774	1,831	54	53	160
2011	은평구	3	71	2,176	1,150	1,026	153	93	15	7	-	-	941	954	44	33	72
2011	마포구	1	43	1,353	-	1,353	98	64	7	4	512	293	509	507	34	16	43
2011	양천구	3	103	3,811	1,485	2,326	239	157	20	11	1,312	688	1,232	1,247	57	39	103
2011	강서구	3	100	3,210	1,603	1,607	207	116	17	8	855	492	1,899	1,101	40	41	103
2011	구로구	4	141	5,130	2,914	2,216	309	192	25	13	1,444	900	1,838	1,849	61	50	161
2011	금천구	1	36	1,201	685	516	78	53	7	3	413	232	402	408	20	15	33
2011	영등포구	6	217	7,320	3,417	3,903	486	308	41	13	2,695	1,559	2,635	2,611	87	79	222
2011	동작구	3	108	3,590	1,660	1,930	246	146	20	9	1,263	646	1,218	1,213	68	44	112
2011	관악구	3	99	3,011	1,377	1,634	226	152	19	9	1,125	610	1,003	1,000	52	35	93
2011	서초구	5	191	6,956	4,539	2,417	423	257	36	15	2,322	998	2,266	2,278	136	82	195
2011	강남구	5	198	7,545	3,849	3,696	443	265	37	14	2,713	1,214	2,518	2,527	194	87	201
2011	송파구	8	322	11,314	6,249	5,065	694	408	52	25	3,878	2,023	3,973	3,983	145	117	330
2011	강동구	4	122	3,879	1,375	2,504	260	156	21	9	1,158	673	1,452	1,478	64	52	132
2012	합계	72	2,544	85,747	46,360	39,387	5,596	3,464	467	202	27,747	15,275	28,201	28,741	1,405	1,024	2,721
2012	국립	1	27	1,015	511	504	65	40	3	-	314	202	312	344	36	10	33
2012	공립	71	2,517	84,732	45,849	38,883	5,531	3,424	464	202	27,433	15,073	27,889	28,397	1,369	1,013	2,688
2012	종로구	1	47	1,640	1,640	-	99	48	9	1	594	246	518	523	50	22	51
2012	용산구	1	43	1,372	1,372	-	93	51	10	5	519	239	504	499	36	16	45
2012	성동구	2	77	2,526	588	1,938	164	111	14	8	770	449	870	880	51	27	89
2012	광진구	2	96	3,400	2,095	1,305	215	134	14	7	1,088	611	1,121	1,122	32	32	100
2012	동대문구	1	8	214	123	91	21	9	4	2	-	-	210	218	13	10	24
2012	중랑구	3	107	3,599	2,361	1,238	228	150	20	10	1,270	708	1,089	1,086	45	39	112
2012	성북구	2	63	2,376	1,288	1,088	142	86	11	4	764	448	765	799	55	24	72
2012	강북구	2	61	1,853	372	1,481	130	92	13	6	449	282	716	722	25	28	66
2012	도봉구	4	136	4,707	2,670	2,037	291	176	25	9	1,582	824	1,553	1,569	61	58	138
2012	노원구	4	151	5,132	3,602	1,530	318	189	26	13	1,749	1,095	1,732	1,743	54	54	161
2012	은평구	3	82	2,442	1,252	1,190	175	112	15	5	628	332	960	964	44	39	93
2012	양천구	3	103	3,688	1,612	2,076	233	155	18	10	1,229	683	1,134	1,161	53	38	106
2012	강서구	3	98	2,975	1,380	1,595	211	117	18	8	1,131	630	989	984	41	47	131
2012	구로구	4	142	5,341	3,156	2,185	316	188	22	9	1,551	976	1,791	1,792	61	51	162
2012	금천구	1	36	1,153	648	505	80	52	6	2	400	263	358	360	20	15	33
2012	영등포구	6	218	7,164	3,340	3,824	496	326	38	13	2,315	1,413	2,258	2,226	87	79	221
2012	동작구	3	108	3,570	1,619	1,951	241	144	22	12	1,151	660	1,151	1,183	68	45	111
2012	관악구	4	106	3,069	1,408	1,661	244	159	25	9	1,020	582	1,121	1,104	66	51	100
2012	서초구	5	190	6,713	4,424	2,289	422	265	36	15	2,350	1,095	2,219	2,238	136	82	193
2012	강남구	5	199	7,413	3,758	3,655	442	262	41	18	2,511	1,218	1,945	2,388	194	89	198
2012	송파구	9	336	11,320	6,080	5,240	744	460	57	27	3,550	1,847	3,788	3,794	152	126	360
2012	강동구	4	137	4,080	1,572	2,508	291	178	23	9	1,126	674	1,409	1,386	61	52	155
2013	합계	73	2,591	84,601	45,670	38,931	5,641	3,543	488	219	27,902	15,724	27,807	27,731	1,369	1,031	2,706
2013	국립	1	27	991	499	492	65	38	5	1	339	227	319	319	-	10	27
2013	공립	72	2,564	83,610	45,171	38,439	5,576	3,505	483	218	27,563	15,497	27,488	27,412	1,369	1,020	2,679
2013	종로구	1	46	1,589	1,589	-	96	48	9	2	542	240	490	507	48	22	51
2013	용산구	1	43	1,400	1,400	-	90	52	7	3	436	221	451	458	36	16	45
2013	성동구	2	78	2,520	568	1,952	166	118	12	7	817	476	826	827	49	27	86
2013	광진구	2	96	3,322	1,988	1,334	211	132	13	8	1,178	670	1,127	1,117	32	32	96
2013	동대문구	1	16	439	264	175	35	20	4	1	-	-	223	227	13	10	24
2013	중랑구	3	107	3,489	2,386	1,103	224	144	22	9	1,214	742	1,121	1,124	45	39	110
2013	성북구	2	63	2,280	1,253	1,027	145	84	12	3	787	510	712	712	19	24	64
2013	강북구	2	72	2,105	545	1,560	151	111	14	8	418	246	691	685	25	28	69
2013	도봉구	4	137	4,654	2,669	1,985	290	172	23	7	1,522	852	1,498	1,497	61	58	139
2013	노원구	4	151	5,095	3,576	1,519	320	188	29	14	1,652	926	1,677	1,710	54	54	162
2013	은평구	3	93	2,699	1,373	1,326	194	127	17	6	589	312	884	871	44	39	103
2013	서대문구	1	9	289	143	146	23	12	5	1	-	-	280	289	7	13	29
2013	양천구	3	101	3,488	1,562	1,926	228	154	19	11	1,306	732	1,135	1,134	53	38	105
2013	강서구	3	94	2,717	1,332	1,385	214	128	20	9	983	584	847	836	41	41	94
2013	구로구	4	143	5,244	3,109	2,135	318	190	24	9	1,714	1,108	1,691	1,692	61	51	163
2013	금천구	1	36	1,083	599	484	81	56	7	4	405	244	345	344	20	15	33
2013	영등포구	6	218	6,927	3,216	3,711	485	320	41	18	2,343	1,479	2,130	2,104	87	79	218
2013	동작구	3	108	3,498	1,523	1,975	235	143	24	13	1,219	732	1,149	1,170	68	45	111
2013	관악구	4	113	3,198	1,399	1,799	255	169	24	8	980	568	1,169	1,133	66	51	99
2013	서초구	5	191	6,499	4,275	2,224	414	263	39	20	2,336	1,076	2,236	2,226	136	82	193
2013	강남구	5	199	7,205	3,607	3,598	445	279	39	16	2,484	1,179	2,337	2,328	192	88	201
2013	송파구	9	333	10,798	5,698	5,100	720	442	57	28	3,711	2,065	3,442	3,429	152	126	352
2013	강동구	4	144	4,063	1,596	2,467	301	191	27	14	1,266	762	1,346	1,311	61	52	159
2014	합계	73	2,563	79,952	42,727	37,225	5,580	3,573	496	244	28,764	16,857	25,210	25,033	1,360	1,036	2,653
2014	국립	1	27	973	497	476	66	37	5	1	323	245	304	320	-	10	27
2014	공립	72	2,536	78,979	42,230	36,749	5,514	3,536	491	243	28,441	16,612	24,906	24,713	1,360	1,026	2,626
2014	종로구	1	43	1,444	1,444	-	93	46	9	2	559	282	408	421	48	22	57
2014	용산구	1	43	1,393	1,393	-	91	59	7	3	441	307	446	450	36	18	43
2014	성동구	2	77	2,360	505	1,855	160	110	11	5	823	535	687	687	49	27	85
2014	광진구	2	95	3,279	1,884	1,395	211	132	14	9	1,103	631	1,078	1,078	32	32	96
2014	동대문구	1	24	628	299	329	55	34	5	3	-	-	210	210	13	10	24
2014	중랑구	3	104	3,082	1,979	1,103	221	144	22	9	1,283	771	936	920	45	39	104
2014	성북구	2	62	2,120	1,145	975	143	83	11	2	770	521	634	637	19	24	63
2014	강북구	2	71	1,996	545	1,451	148	106	15	8	705	399	634	612	25	28	70
2014	도봉구	4	137	4,280	2,400	1,880	292	172	24	11	1,604	985	1,315	1,265	61	59	138
2014	노원구	4	148	4,755	3,259	1,496	322	199	29	14	1,707	1,003	1,427	1,448	54	54	160
2014	은평구	3	93	2,648	1,325	1,323	194	131	18	9	865	504	868	871	34	39	102
2014	서대문구	1	18	525	258	267	40	25	5	2	-	-	240	243	7	13	31
2014	양천구	3	101	3,307	1,396	1,911	224	154	21	10	1,204	702	1,075	1,074	53	38	106
2014	강서구	3	89	2,418	1,208	1,210	201	112	19	10	989	616	773	779	41	42	91
2014	구로구	4	142	4,952	2,944	2,008	315	190	24	12	1,795	1,180	1,525	1,515	61	51	162
2014	금천구	1	35	993	556	437	80	57	6	3	389	228	311	310	20	16	32
2014	영등포구	6	210	6,399	3,047	3,352	458	304	40	19	2,561	1,600	2,035	2,026	87	79	215
2014	동작구	3	104	3,247	1,380	1,867	222	138	23	13	1,192	722	985	986	68	46	103
2014	관악구	4	116	3,123	1,395	1,728	258	168	27	13	949	582	971	951	66	51	89
2014	서초구	5	191	6,356	4,218	2,138	428	283	39	19	2,119	1,015	2,117	2,054	136	82	193
2014	강남구	5	196	6,843	3,440	3,403	441	298	41	19	2,532	1,253	2,201	2,201	192	89	198
2014	송파구	9	326	10,080	5,257	4,823	699	450	57	33	3,760	2,170	3,135	3,130	152	126	338
2014	강동구	4	138	3,724	1,450	2,274	284	178	29	16	1,414	851	1,199	1,165	61	52	153
2015	합계	74	2,544	75,477	40,083	35,394	5,625	3,708	486	249	27,842	16,170	23,962	23,476	1,373	1,052	3,627
2015	국립	1	27	942	481	461	65	35	5	1	337	219	288	307	-	10	37
2015	공립	73	2,517	74,535	39,602	34,933	5,560	3,673	481	248	27,505	15,951	23,674	23,169	1,373	1,042	3,590
2015	종로구	1	41	1,335	1,335	-	90	49	8	2	508	243	396	407	48	22	70
2015	용산구	1	43	1,359	1,359	-	93	61	7	3	492	257	470	479	36	18	53
2015	성동구	2	74	2,159	442	1,717	157	110	14	8	864	510	694	694	49	27	104
2015	광진구	2	93	3,137	1,784	1,353	207	129	15	6	1,093	631	946	946	32	33	127
2015	동대문구	1	24	618	361	257	54	33	5	3	208	97	210	205	13	10	37
2015	중랑구	3	102	2,887	1,770	1,117	219	144	20	8	1,066	649	880	878	45	39	163
2015	성북구	2	60	1,894	985	909	143	83	11	2	771	444	542	561	19	24	87
2015	강북구	2	69	1,838	535	1,303	146	109	14	5	701	442	551	551	25	28	100
2015	도봉구	5	156	4,200	2,317	1,883	351	224	30	14	1,671	981	1,380	1,240	74	71	230
2015	노원구	4	144	4,470	3,057	1,413	323	203	29	15	1,641	1,008	1,439	1,396	54	54	210
2015	은평구	3	92	2,496	1,369	1,127	193	130	19	13	931	571	823	812	34	39	128
2015	서대문구	1	27	753	360	393	61	41	5	2	-	-	252	247	7	13	35
2015	양천구	3	102	3,325	1,281	2,044	224	153	19	12	1,117	594	1,112	1,121	53	39	125
2015	강서구	3	87	2,259	1,132	1,127	193	117	20	13	895	598	758	753	41	42	126
2015	구로구	4	142	4,669	2,687	1,982	314	186	24	15	1,728	1,105	1,430	1,441	61	51	202
2015	금천구	1	33	922	493	429	72	54	7	5	345	181	268	266	20	16	41
2015	영등포구	6	205	5,867	2,835	3,032	453	313	37	18	2,216	1,382	1,729	1,724	87	79	277
2015	동작구	3	100	2,955	1,182	1,773	220	142	22	12	1,129	762	865	871	68	46	139
2015	관악구	4	111	2,853	1,223	1,630	256	169	30	15	1,076	614	856	867	66	51	180
2015	서초구	5	193	6,118	4,098	2,020	444	314	35	19	2,129	1,035	2,243	1,917	136	82	276
2015	강남구	5	197	6,675	3,268	3,407	444	305	35	14	2,376	1,132	2,168	2,164	192	89	263
2015	송파구	9	318	9,313	4,858	4,455	685	452	53	29	3,591	2,129	2,955	2,927	152	126	453
2015	강동구	4	131	3,375	1,352	2,023	283	187	27	16	1,294	805	995	1,009	61	52	201
2016	합계	74	2,495	71,844	37,735	34,109	5,578	3,762	472	247	27,113	15,998	23,862	23,800	1,400	1,052	3,576
2016	국립	1	27	925	471	454	71	41	5	1	312	202	280	292	-	10	37
2016	공립	73	2,468	70,919	37,264	33,655	5,507	3,721	467	246	26,801	15,796	23,582	23,508	1,400	1,042	3,539
2016	종로구	1	39	1,216	1,216	-	92	54	8	3	508	244	408	411	48	22	68
2016	용산구	1	44	1,362	1,362	-	96	62	6	1	444	229	459	459	36	18	53
2016	성동구	2	73	2,034	398	1,636	156	109	14	8	797	466	668	672	49	27	103
2016	광진구	2	90	2,963	1,663	1,300	197	124	16	9	1,102	610	939	939	32	33	128
2016	동대문구	1	24	599	350	249	57	39	5	4	205	149	196	197	13	10	37
2016	중랑구	3	97	2,659	1,539	1,120	216	143	18	6	1,095	642	865	875	45	39	163
2016	성북구	2	58	1,779	923	856	146	89	12	3	690	446	553	565	19	24	85
2016	강북구	2	67	1,762	525	1,237	152	115	13	5	668	398	578	577	25	28	100
2016	도봉구	5	155	3,886	2,105	1,781	352	220	30	14	1,632	972	1,350	1,353	74	71	230
2016	노원구	4	142	4,188	2,855	1,333	317	204	29	17	1,647	992	1,442	1,428	54	54	204
2016	은평구	3	89	2,465	1,315	1,150	191	123	19	13	842	560	808	806	44	39	128
2016	서대문구	1	27	737	355	382	61	44	6	2	275	153	256	255	7	13	36
2016	양천구	3	102	3,320	1,261	2,059	227	156	18	10	1,099	585	1,099	1,105	53	40	125
2016	강서구	3	87	2,223	1,084	1,139	196	124	18	12	733	483	720	720	41	42	127
2016	구로구	4	141	4,473	2,522	1,951	316	197	24	17	1,695	1,078	1,431	1,443	61	52	201
2016	금천구	1	31	843	450	393	71	50	7	3	336	213	258	258	20	16	41
2016	영등포구	6	199	5,520	2,612	2,908	440	314	35	19	2,137	1,300	1,799	1,782	87	79	268
2016	동작구	3	96	2,714	1,044	1,670	218	149	20	11	1,124	652	902	893	86	46	134
2016	관악구	4	106	2,653	1,209	1,444	234	161	25	11	1,066	668	865	865	66	51	178
2016	서초구	5	190	5,940	3,920	2,020	451	322	36	20	2,162	1,099	2,020	2,015	136	82	258
2016	강남구	5	198	6,432	3,138	3,294	447	312	35	17	2,305	1,270	2,134	2,109	192	89	269
2016	송파구	9	315	8,967	4,621	4,346	680	474	54	29	3,316	2,066	3,097	3,059	152	126	450
2016	강동구	4	125	3,109	1,268	1,841	265	177	24	13	1,235	723	1,015	1,014	61	52	190
2017	합계	76	2,430	66,687	34,461	32,226	5,439	3,684	486	252	24,567	14,464	19,899	19,716	1,405	1,073	3,613
2017	국립	1	27	869	426	443	71	45	5	1	315	205	272	272	-	8	33
2017	공립	75	2,403	65,818	34,035	31,783	5,368	3,639	481	251	24,252	14,259	19,627	19,444	1,405	1,065	3,580
2017	종로구	1	38	1,139	1,139	-	89	57	8	3	405	213	340	334	48	22	68
2017	용산구	1	44	1,309	1,309	-	98	62	6	2	417	238	397	397	36	18	53
2017	성동구	4	86	2,140	467	1,673	188	125	27	14	669	419	792	755	67	49	175
2017	광진구	2	85	2,592	1,451	1,141	192	121	14	8	1,072	587	702	702	32	33	122
2017	동대문구	1	24	546	324	222	56	40	5	2	200	111	165	165	13	10	37
2017	중랑구	3	92	2,488	1,359	1,129	201	139	18	6	900	521	700	699	45	39	152
2017	성북구	2	56	1,671	825	846	138	87	12	4	625	384	531	531	19	21	81
2017	강북구	2	63	1,631	469	1,162	147	109	13	5	605	378	461	466	25	28	99
2017	도봉구	5	151	3,758	2,043	1,715	327	197	30	13	1,310	800	1,226	1,177	74	71	230
2017	노원구	4	137	3,827	2,599	1,228	309	194	28	15	1,395	844	1,084	1,084	54	54	200
2017	은평구	3	87	2,278	1,193	1,085	188	117	21	13	830	538	654	657	44	39	124
2017	서대문구	1	27	731	333	398	58	44	6	2	231	192	248	255	7	13	36
2017	양천구	3	100	3,133	1,165	1,968	225	161	16	8	1,069	575	917	928	53	40	123
2017	강서구	3	84	2,048	965	1,083	193	123	17	11	756	442	600	600	41	42	127
2017	구로구	4	138	4,230	2,233	1,997	307	203	22	14	1,538	998	1,273	1,268	61	52	199
2017	금천구	1	29	741	387	354	67	46	6	3	316	177	210	210	20	16	41
2017	영등포구	6	190	4,928	2,265	2,663	421	296	37	19	1,990	1,232	1,434	1,418	87	79	266
2017	동작구	3	94	2,508	961	1,547	213	144	21	12	958	659	769	774	72	46	133
2017	관악구	4	102	2,503	1,152	1,351	232	161	26	14	915	507	754	753	66	51	177
2017	서초구	5	184	5,491	3,607	1,884	430	305	37	21	2,011	961	1,672	1,632	136	82	261
2017	강남구	5	193	5,821	2,772	3,049	444	319	37	18	2,221	1,072	1,627	1,605	192	89	271
2017	송파구	9	305	8,347	4,222	4,125	660	465	56	29	3,028	1,953	2,479	2,443	152	126	448
2017	강동구	4	121	2,827	1,221	1,606	256	169	23	16	1,106	663	864	863	61	52	190
2018	합계	76	2,375	60,356	30,974	29,382	5,418	3,734	470	246	23,084	13,375	17,369	17,063	1,405	1,092	3,646
2018	국립	1	28	812	396	416	68	42	5	2	297	188	234	234	0	26	84
2018	공립	75	2,347	59,544	30,578	28,966	5,350	3,692	465	244	22,787	13,187	17,135	16,829	1,405	1,066	3,562
2018	종로구	1	37	1,004	1,004	-	90	63	9	4	396	239	295	260	48	22	68
2018	용산구	1	43	1,192	1,192	-	98	63	8	4	463	257	373	369	36	18	53
2018	성동구	4	97	2,190	549	1,641	215	150	26	15	700	450	740	726	67	49	166
2018	광진구	2	81	2,267	1,232	1,035	180	122	13	5	926	513	602	602	32	33	126
2018	동대문구	1	24	507	303	204	58	39	5	2	190	110	143	143	13	10	37
2018	중랑구	3	88	2,187	1,191	996	196	135	16	9	876	572	603	612	45	39	152
2018	성북구	2	56	1,552	740	812	136	87	12	5	561	349	432	432	19	39	132
2018	강북구	2	61	1,477	388	1,089	147	111	13	4	562	340	403	405	25	28	97
2018	도봉구	5	148	3,476	1,886	1,590	339	205	32	17	1,220	798	1,024	963	74	71	227
2018	노원구	4	132	3,382	2,287	1,095	297	191	27	13	1,335	807	931	931	54	54	199
2018	은평구	3	85	2,063	1,041	1,022	186	116	17	11	792	468	583	589	44	39	124
2018	서대문구	1	27	719	334	385	60	47	6	2	239	126	238	225	7	13	36
2018	양천구	3	99	2,802	1,021	1,781	228	162	14	7	1,099	595	806	806	53	40	123
2018	강서구	3	81	1,836	885	951	189	125	15	9	743	446	545	545	41	42	127
2018	구로구	4	134	3,857	1,986	1,871	300	202	22	11	1,456	958	1,057	1,077	61	52	199
2018	금천구	1	28	668	354	314	67	48	6	4	270	186	190	190	20	17	40
2018	영등포구	6	182	4,381	1,991	2,390	412	300	34	19	1,720	1,025	1,202	1,193	87	79	264
2018	동작구	3	92	2,385	941	1,444	211	141	20	9	854	555	716	715	72	46	135
2018	관악구	4	100	2,347	1,128	1,219	224	166	25	13	870	558	711	692	66	51	175
2018	서초구	5	179	5,115	3,300	1,815	424	305	34	17	1,873	903	1,520	1,515	136	82	266
2018	강남구	5	187	4,917	2,337	2,580	437	315	37	16	2,135	908	1,339	1,291	192	89	270
2018	송파구	9	295	7,435	3,754	3,681	665	467	55	34	2,842	1,661	2,144	2,029	152	126	440
2018	강동구	4	119	2,597	1,130	1,467	259	174	24	16	962	551	772	753	61	52	190
2019	합계	76	2,320	54,296	27,799	26,497	5,333	3,755	459	241	23,281	13,532	17,736	17,578	1,405	1,093	3,635
2019	국립	1	27	763	371	392	71	42	5	3	299	192	247	247	0	26	84
2019	공립	75	2,293	53,533	27,428	26,105	5,262	3,713	454	238	22,982	13,340	17,489	17,331	1,405	1,067	3,551
2019	종로구	1	36	834	834	-	84	60	9	4	402	219	207	237	48	22	68
2019	용산구	1	43	1,097	1,097	-	93	60	7	3	441	262	357	353	36	18	53
2019	성동구	4	109	2,184	588	1,596	250	178	26	14	664	408	676	667	67	49	166
2019	광진구	2	79	1,966	1,070	896	180	127	12	5	940	449	656	656	32	33	126
2019	동대문구	1	23	449	257	192	56	39	5	3	187	127	138	138	13	10	37
2019	중랑구	3	84	1,956	1,033	923	187	132	16	8	864	568	634	634	45	39	152
2019	성북구	2	54	1,480	685	795	139	82	11	5	567	365	486	486	19	39	132
2019	강북구	2	58	1,324	329	995	137	105	13	4	581	346	439	436	25	28	96
2019	도봉구	5	142	3,123	1,692	1,431	320	203	35	19	1,330	712	1,012	1,003	74	71	225
2019	노원구	4	127	2,946	1,988	958	282	175	25	12	1,356	820	934	947	54	54	199
2019	은평구	3	83	1,926	976	950	186	117	15	11	805	490	657	654	44	39	116
2019	서대문구	1	27	693	336	357	65	50	6	2	224	153	218	215	7	13	36
2019	양천구	3	98	2,474	868	1,606	217	156	17	7	1,054	578	797	797	53	41	136
2019	강서구	3	79	1,731	848	883	185	132	15	8	680	398	581	581	41	42	127
2019	구로구	4	132	3,535	1,793	1,742	302	209	23	13	1,467	1,002	1,151	1,140	61	52	203
2019	금천구	1	27	603	313	290	64	50	6	4	252	142	188	188	20	17	40
2019	영등포구	6	175	3,910	1,841	2,069	410	303	33	19	1,748	1,096	1,352	1,282	87	79	261
2019	동작구	3	90	2,226	903	1,323	210	138	19	9	880	542	747	736	72	46	135
2019	관악구	4	97	2,156	1,035	1,121	221	161	27	13	852	535	684	691	66	51	173
2019	서초구	5	174	4,594	2,966	1,628	416	319	33	16	1,927	919	1,521	1,503	136	82	264
2019	강남구	5	181	4,230	2,017	2,213	419	306	32	15	2,063	995	1,364	1,344	192	89	264
2019	송파구	9	285	6,470	3,264	3,206	652	473	52	36	3,018	1,797	2,121	2,085	152	126	436
2019	강동구	4	117	2,389	1,066	1,323	258	180	22	11	979	609	816	805	61	52	190
2020	합계	76	2,281	51,473	26,256	25,217	5,218	3,760	455	247	19,534	12,116	17,359	17,173	1,400	1,093	3,599
2020	국립	1	27	717	360	357	72	45	4	2	279	191	229	229	0	26	84
2020	공립	75	2,254	50,756	25,896	24,860	5,146	3,715	451	245	19,255	11,925	17,130	16,944	1,400	1,068	3,515
2020	종로구	1	35	726	726	-	86	62	8	4	321	187	237	226	48	22	66
2020	용산구	1	42	1,005	1,005	-	98	69	7	2	379	182	320	320	36	18	53
2020	성동구	4	105	2,068	576	1,492	246	177	26	13	780	534	692	681	67	49	166
2020	광진구	2	79	1,910	1,012	898	179	129	13	8	702	385	644	644	32	33	126
2020	동대문구	1	22	439	239	200	54	34	6	4	172	112	149	149	13	10	37
2020	중랑구	3	83	1,854	947	907	181	121	16	7	700	420	616	612	45	39	136
2020	성북구	2	54	1,377	644	733	135	82	10	5	547	366	443	442	19	39	132
2020	강북구	2	56	1,256	296	960	128	100	13	6	481	303	418	415	25	28	96
2020	도봉구	5	136	2,927	1,621	1,306	301	196	32	15	1,151	720	1,000	1,003	74	72	221
2020	노원구	4	125	2,809	1,893	916	276	179	24	12	1,066	717	947	933	54	54	198
2020	은평구	3	83	1,886	945	941	181	117	15	11	656	430	635	635	44	39	116
2020	서대문구	1	27	651	322	329	63	52	8	3	255	181	224	222	7	13	36
2020	양천구	3	97	2,326	809	1,517	213	156	15	8	897	514	786	786	53	41	135
2020	강서구	3	77	1,696	810	886	175	120	15	11	590	405	565	565	35	41	121
2020	구로구	4	132	3,287	1,667	1,620	300	211	21	14	1,278	919	1,100	1,074	61	52	195
2020	금천구	1	27	571	287	284	64	51	6	3	216	153	189	189	20	17	40
2020	영등포구	6	171	3,712	1,790	1,922	398	304	34	22	1,419	921	1,265	1,226	87	79	261
2020	동작구	3	90	2,146	877	1,269	201	136	19	9	775	528	719	719	72	46	139
2020	관악구	4	94	2,008	984	1,024	221	166	24	13	769	484	623	631	66	51	173
2020	서초구	5	175	4,375	2,811	1,564	415	327	34	17	1,615	846	1,468	1,480	136	82	264
2020	강남구	5	177	3,986	1,875	2,111	413	310	34	19	1,564	808	1,346	1,360	192	89	263
2020	송파구	9	278	6,137	3,103	3,034	645	485	52	33	2,356	1,467	2,153	2,083	152	127	435
2020	강동구	4	116	2,321	1,017	1,304	245	176	23	8	845	534	820	778	61	53	190